(-0.17237665937437846, -0.25810693433854637, 0.9506140635133098), (-1.4600725233176135, -0.9218774148531955, -0.3751697027807142), 0.08356047804347956, (0.227983, 0.016007, 0.604867, 1.0)
(0.1723766711995271, 0.25810686767271424, -0.950614079469871), (-1.4546306898100922, -0.9137395382575725, -0.405196090213084), 0.08413073271761437, (0.227983, 0.016007, 0.604867, 1.0)
(-0.37270598150431117, -0.24455804162955386, 0.8951433492045983), (-1.2993796906383068, -1.0103685685172854, -0.3588268839224599), 0.17470587060168735, (0.374897, 0.002245, 0.651876, 1.0)
(0.3727059902508758, 0.24455790300921185, -0.8951433834346602), (-1.2875981484641306, -1.0026305612446018, -0.38709208622615865), 0.1751493328258999, (0.374897, 0.002245, 0.651876, 1.0)
(-0.04030584174861073, -0.572149916228536, 0.8191580509771087), (-0.9660560485582841, -0.9742168964650075, -0.2917433738115239), 0.3602227231228373, (0.645872, 0.120898, 0.598867, 1.0)
(0.0403058433112713, 0.572149873096721, -0.8191580810261064), (-0.9647510113322352, -0.9561297454885102, -0.317610788842656), 0.3602135847677842, (0.645872, 0.120898, 0.598867, 1.0)
(0.1590119673104173, -0.6203149302565384, 0.7680654799904088), (-0.831602752346164, -0.8696053213854729, -0.19787207753130764), 0.016159535076764115, (0.096379, 0.025165, 0.547103, 1.0)
(-0.15901251998813745, 0.6203153357703447, -0.7680650380632793), (-0.8366605668568394, -0.8500309996060361, -0.22213220447062473), 0.015707377137058352, (0.096379, 0.025165, 0.547103, 1.0)
(0.24875569015361262, -0.9535324994708776, 0.16998934986939804), (-0.5512352961430237, -0.7808936063782999, -0.19195282711148554), 0.0453348687685611, (0.156421, 0.020651, 0.574065, 1.0)
(-0.24875504250885103, 0.9535326623763729, -0.16998938380924233), (-0.5591292322469867, -0.750788253111434, -0.19731021181066177), 0.045787781442338284, (0.156421, 0.020651, 0.574065, 1.0)
(0.14421319946076258, -0.9764978392514395, 0.16017029387049278), (-0.3995839340954119, -0.7561212717200346, -0.2690230999989342), 0.19306057069724217, (0.405503, 0.000678, 0.656977, 1.0)
(-0.14421312389810734, 0.9764978480633009, -0.16017030818254566), (-0.40413502654533484, -0.725276930271564, -0.2740781616434196), 0.19377678613420016, (0.405503, 0.000678, 0.656977, 1.0)
(-0.09075594046183734, -0.995820091584802, -0.010281267768324031), (-0.24318246676243732, -0.7453624357797973, -0.17295636641510326), 0.01717046197578347, (0.096379, 0.025165, 0.547103, 1.0)
(0.09075628724121597, 0.9958200615628967, 0.010281114485247662), (-0.24029300338143567, -0.7139169093248082, -0.17260755647613335), 0.017634051346632512, (0.096379, 0.025165, 0.547103, 1.0)
(-0.1637230408361323, -0.9820150620494474, 0.09402756940062862), (-0.07091668243648469, -0.7731273221900278, -0.24900530097944648), 0.09682224212276806, (0.248032, 0.014439, 0.612868, 1.0)
(0.16372305397791084, 0.9820150486494675, -0.09402768646590141), (-0.06575493154017312, -0.7421110930298233, -0.2519714529437531), 0.0968916799223486, (0.248032, 0.014439, 0.612868, 1.0)
(-0.35076621326968294, -0.8368678204511181, 0.42025624887899354), (0.2566613377722382, -0.8729550701679385, -0.21896383510452488), 0.33589403823029274, (0.610667, 0.090204, 0.619951, 1.0)
(0.3507660671020424, 0.8368678575066311, -0.42025629708789214), (0.2677330468891003, -0.846513354655853, -0.23223692115916494), 0.33582575071930243, (0.610667, 0.090204, 0.619951, 1.0)
(-0.16633357815516966, -0.7397508141360402, 0.6519983694482403), (0.546420970646948, -0.9949631063706422, -0.23182930230289917), 0.5834158415876091, (0.869203, 0.374212, 0.396738, 1.0)
(0.16633364283700822, 0.7397504654922542, -0.6519987485145687), (0.5516886465962729, -0.9715885513721408, -0.25242771540402603), 0.5836322147739473, (0.869203, 0.374212, 0.396738, 1.0)
(0.09888953978468573, -0.5908649038630536, 0.8006869077886047), (0.7476361716418987, -0.9544924282414903, -0.17458103345623435), 0.007612521486203592, (0.063536, 0.028426, 0.533124, 1.0)
(-0.09888978865981451, 0.590864381217053, -0.8006872627360863), (0.7445678189213786, -0.9358230431379306, -0.19986567346013837), 0.007009334612971388, (0.063536, 0.028426, 0.533124, 1.0)
(-0.10105848876815661, -0.5532666833993914, 0.8268513523530902), (0.8819890320838317, -1.0553115711391072, -0.2593456492164147), 0.3850160708344477, (0.674522, 0.147419, 0.578688, 1.0)
(0.10105843586008922, 0.5532662770205486, -0.8268516307375428), (0.8851912858552445, -1.0378363576440914, -0.2854680887088165), 0.38507952526410993, (0.674522, 0.147419, 0.578688, 1.0)
(-0.21403961947553585, -0.28337883720345697, 0.934817348961809), (-1.4665113939532026, -0.7397712358188077, -0.3147448142771495), 0.3380666464765964, (0.615812, 0.094564, 0.61714, 1.0)
(0.2140397594729649, 0.2833789668361668, -0.9348172776107757), (-1.4597402132066837, -0.7307846930599058, -0.344262952117039), 0.33777696874618135, (0.615812, 0.094564, 0.61714, 1.0)
(-0.33796300532003226, -0.21348924186091797, 0.91662606914963), (-1.1765649260804443, -0.7397141992090135, -0.21662598920617812), 0.11758906194323998, (0.287076, 0.010855, 0.627295, 1.0)
(0.33796279484382047, 0.21348945677672543, -0.9166260966973024), (-1.165885313485511, -0.7329666176688302, -0.24557258626980683), 0.11779989615613869, (0.287076, 0.010855, 0.627295, 1.0)
(-0.5337371457232996, -0.38850656695199837, 0.7511240288463135), (-1.0526497965975712, -0.6749437697349701, -0.12879885589889553), 0.018033563302014444, (0.096379, 0.025165, 0.547103, 1.0)
(0.5337372538397507, 0.3885060738287241, -0.7511242070801548), (-1.035795483119963, -0.6626846891881152, -0.15252519202735823), 0.017946534431216268, (0.096379, 0.025165, 0.547103, 1.0)
(-0.1128844865977005, -0.5377701253992769, 0.8355000807382484), (-0.8843577095686486, -0.7318053518399662, -0.10481182822671764), 0.05666300138357126, (0.17895, 0.019252, 0.584054, 1.0)
(0.1128844361515182, 0.5377701555177331, -0.8355000681682718), (-0.880780163851668, -0.7148270081816499, -0.1311994351211856), 0.05680483917185865, (0.17895, 0.019252, 0.584054, 1.0)
(0.15652789626822655, -0.9866179646424882, 0.04565095327107108), (-0.2706195810262037, -0.7368288827494441, 0.035507488074163575), 0.3924889349760133, (0.683758, 0.156278, 0.57166, 1.0)
(-0.15652784005204778, 0.9866179847320564, -0.04565071184435572), (-0.2755790303406016, -0.7056619943376428, 0.03407110300246199), 0.3925097030558387, (0.683758, 0.156278, 0.57166, 1.0)
(0.11824178425084637, -0.9902215178606738, 0.07402854870169945), (-0.08129547251880995, -0.7200280594632978, 0.1650466073705327), 0.12879485194822773, (0.299855, 0.009561, 0.631624, 1.0)
(-0.11824202052556977, 0.990221515339858, -0.07402820503069305), (-0.08503941411013986, -0.6887543785767073, 0.16271160967726886), 0.12974038440217203, (0.30621, 0.008902, 0.633694, 1.0)
(-0.003310354247486668, -0.96562456734525, 0.2599196731570255), (0.09046013557893696, -0.7547347827166524, 0.0559251848660454), 0.010331997282829311, (0.075353, 0.027206, 0.538007, 1.0)
(0.003310339484693967, 0.9656246578361088, -0.25991933716327015), (0.09053559574239047, -0.7242413766126224, 0.047713941435959834), 0.010853265709343205, (0.075353, 0.027206, 0.538007, 1.0)
(0.21993543998408344, -0.8806838531306589, 0.41955256294526877), (0.31374375020339507, -0.7222930272138651, 0.13458572141504654), 0.4052270010043133, (0.697324, 0.169573, 0.560919, 1.0)
(-0.21993498521828347, 0.8806841218808884, -0.4195522372052397), (0.3067702678313944, -0.6944771646443642, 0.12133021120984479), 0.40550766769622365, (0.697324, 0.169573, 0.560919, 1.0)
(0.01412720227405122, -0.7776955044815, 0.6284823978960534), (0.472019455359875, -0.7990586676556283, -0.0173643520104939), 0.13186529979025333, (0.30621, 0.008902, 0.633694, 1.0)
(-0.014127226398589696, 0.7776955191089853, -0.6284823792534592), (0.4715384923437971, -0.7744968827183926, -0.03721393391582643), 0.13168345188913663, (0.30621, 0.008902, 0.633694, 1.0)
(0.39831391480517986, -0.5641120552180042, 0.7232728492279323), (0.6340696899158015, -0.739138978277789, 0.006398508615574409), 0.05549326962992799, (0.17895, 0.019252, 0.584054, 1.0)
(-0.3983142484870305, 0.5641115629620262, -0.7232730493974955), (0.6215436418326482, -0.7213220694964215, -0.01647122213868847), 0.05443608353158579, (0.171574, 0.019706, 0.580806, 1.0)
(0.4266622398085755, 0.07624109699276659, 0.9011917821700712), (1.0638981615003458, -0.7485776146261827, -0.20295924506032006), 0.3337449257251775, (0.610667, 0.090204, 0.619951, 1.0)
(-0.426662384925035, -0.07624121084594265, -0.9011917038337769), (1.0503896931189398, -0.7509873741097345, -0.23141328814642387), 0.33327096587798144, (0.610667, 0.090204, 0.619951, 1.0)
(0.2673924561303164, 0.09756122272555884, 0.9586360530591841), (1.217865057117389, -0.6302090126855003, -0.29187880133661076), 0.20353447555289825, (0.423689, 0.000646, 0.658956, 1.0)
(-0.2673923554253688, -0.09756110311239262, -0.9586360933219479), (1.2094272484523765, -0.6332791121551884, -0.32216144151175136), 0.2042523097417866, (0.423689, 0.000646, 0.658956, 1.0)
(-0.4612396923508238, 0.20691803934742195, 0.8628110286689294), (-1.614881843074362, -0.47205371831244713, -0.39331779186322213), 0.24295674335432937, (0.48321, 0.00846, 0.659095, 1.0)
(0.46123945083989054, -0.20691791316809036, -0.8628111880354118), (-1.6003095556608435, -0.4785970078135833, -0.4205679606697784), 0.24314854499760366, (0.48321, 0.00846, 0.659095, 1.0)
(-0.5172013188262279, 0.15080702461374051, 0.8424725735189017), (-1.486953159300061, -0.38913470090294633, -0.31223943928631626), 0.03095530040144449, (0.123903, 0.022878, 0.559423, 1.0)
(0.5172011747771336, -0.15080681509175797, -0.8424726994573969), (-1.4706181948773425, -0.3939235425291188, -0.33883931880214363), 0.03035972193764245, (0.123903, 0.022878, 0.559423, 1.0)
(-0.7569680345131686, -0.1757479575040047, 0.6293743323002939), (-1.0828147431933017, -0.49590052129924284, -0.0998052771083178), 0.1973570542661619, (0.41158, 0.000577, 0.65773, 1.0)
(0.7569678912953289, 0.17574783019684684, -0.6293745401023171), (-1.0588957303367978, -0.4903417992621752, -0.11967056112314524), 0.197829562737561, (0.41158, 0.000577, 0.65773, 1.0)
(-0.31509233235040235, -0.7073483696177628, 0.6327520099478755), (-0.8048562785931537, -0.5531327476871832, 0.10162065861299903), 0.2821177718529913, (0.54057, 0.03495, 0.64864, 1.0)
(0.31509227144878793, 0.7073483574232686, -0.6327520539072529), (-0.7948671029321015, -0.5307866438953175, 0.08165357037989367), 0.2817511489331444, (0.54057, 0.03495, 0.64864, 1.0)
(-0.5129719725231293, -0.6491855460113978, 0.5616207637326216), (-0.6727792556017906, -0.4566052407842253, 0.24209338708005476), 0.0636156344797429, (0.193374, 0.018354, 0.59033, 1.0)
(0.5129709662730286, 0.6491860713546544, -0.5616210755661016), (-0.6566106436067036, -0.436129559604302, 0.2242970116821835), 0.06463737279425448, (0.193374, 0.018354, 0.59033, 1.0)
(-0.36585521201226656, -0.735851869651891, 0.5697999559260041), (-0.5047377761463305, -0.6205713468677231, 0.2993342087013162), 0.2735798677941049, (0.529306, 0.027747, 0.651586, 1.0)
(0.3658563048708932, 0.7358512511992458, -0.569800052908668), (-0.4931843888878233, -0.5972736912935588, 0.2814025782012431), 0.2727349781397962, (0.523633, 0.024532, 0.652901, 1.0)
(0.6647959315909221, -0.14601581708150152, 0.7326156908653947), (0.6289526656382065, -0.5286926414735449, 0.07485869750720604), 0.4836878103499049, (0.779604, 0.258078, 0.487539, 1.0)
(-0.6647958609914552, 0.14601583024893444, -0.7326157523049475), (0.607933066666636, -0.5240839546199414, 0.05172534523630016), 0.483986010720059, (0.779604, 0.258078, 0.487539, 1.0)
(0.48858393868203936, 0.06170256135864492, 0.8703324242975945), (0.8951794321748263, -0.4839531653390898, -0.11285519241099984), 0.2137175791464601, (0.435734, 0.001127, 0.659797, 1.0)
(-0.488583866913449, -0.061702716902687506, -0.8703324535594016), (0.8797523424945095, -0.48588061235914526, -0.1403501011626283), 0.21367614211255725, (0.435734, 0.001127, 0.659797, 1.0)
(0.3815322206238529, 0.11830455380768475, 0.9167536185770941), (1.028828674246004, -0.38095503013340154, -0.18866702321096945), 0.010058314516442611, (0.075353, 0.027206, 0.538007, 1.0)
(-0.38153243024085404, -0.1183052011796693, -0.9167534477973595), (1.0168087969481956, -0.3847175989265882, -0.21762635155943985), 0.009404041766549628, (0.075353, 0.027206, 0.538007, 1.0)
(0.42477566708260395, -0.03044960339659273, 0.9047864136399922), (1.1823219026713023, -0.44118589957283544, -0.28654931777836984), 0.2406711759892758, (0.477344, 0.00698, 0.659549, 1.0)
(-0.4247756050268199, 0.03044967561400624, -0.9047864403433005), (1.1688910128149328, -0.4402176761552461, -0.3151221629601869), 0.2410454204292528, (0.477344, 0.00698, 0.659549, 1.0)
(-0.5325204600769573, 0.3972657382828425, 0.7473967438957797), (-1.452224061247888, -0.205727910730064, -0.37136755951426126), 0.35357558866578703, (0.636008, 0.112092, 0.605205, 1.0)
(0.5325203248514908, -0.3972655575204329, -0.7473969363250309), (-1.4353968820594036, -0.21828348611046003, -0.3949718095617193), 0.35365965047687514, (0.636008, 0.112092, 0.605205, 1.0)
(-0.7603930194734104, 0.04847444305684623, 0.6476516689598185), (-0.9686129022102923, -0.21269301644576438, 0.06477373602664355), 0.21569110005552283, (0.441732, 0.00154, 0.660069, 1.0)
(0.7603927376481839, -0.04847467117433793, -0.6476519827704073), (-0.9445748425697471, -0.2142573359308052, 0.044343104322364796), 0.21602130196584185, (0.441732, 0.00154, 0.660069, 1.0)
(-0.7982474645949306, -0.34607616579159944, 0.49298303494009854), (-0.8717726584619588, -0.11682208231363675, 0.22354516443741526), 0.016578820514960516, (0.096379, 0.025165, 0.547103, 1.0)
(0.7982479235668481, 0.3460758636137474, -0.49298250389361126), (-0.846569010990272, -0.10588022587223611, 0.20797785308743091), 0.016606226836813558, (0.096379, 0.025165, 0.547103, 1.0)
(-0.7456537193649725, -0.43129299134585547, 0.5079240951295054), (-0.7585995773210363, -0.2548046007434202, 0.3563280299871025), 0.05459125105610226, (0.171574, 0.019706, 0.580806, 1.0)
(0.7456539013353828, 0.4312928087736943, -0.5079239830165738), (-0.7350495799855793, -0.241166974717014, 0.34030374523607476), 0.05459623090323823, (0.171574, 0.019706, 0.580806, 1.0)
(0.7995091763034681, 0.060782371677239495, 0.5975705651216765), (0.5519132810298333, -0.20422795787595274, 0.2527634997513546), 0.32509150623040883, (0.600266, 0.081516, 0.625342, 1.0)
(-0.7995092133901942, -0.06078204430470966, -0.5975705488010041), (0.526644151534731, -0.20615113760390513, 0.23390419857187011), 0.32494795805524024, (0.600266, 0.081516, 0.625342, 1.0)
(0.5459068632327525, 0.601635279109008, 0.583112928691178), (0.7984630208535117, -0.1209768379302349, -0.16681489862165566), 0.03520796100425276, (0.140603, 0.021687, 0.566959, 1.0)
(-0.5459072598842449, -0.6016350489212091, -0.5831127948478319), (0.781247343909518, -0.1400200212121024, -0.18520799096476262), 0.03452085918752326, (0.132381, 0.022258, 0.56325, 1.0)
(0.4878218048563546, 0.4918993879259648, 0.721155239088471), (0.9552611750836729, -0.1983579665620301, -0.2559591643021338), 0.23083923209309234, (0.46555, 0.004545, 0.660139, 1.0)
(-0.48782184903990755, -0.49189940644869407, -0.7211551965663896), (0.9398200103180814, -0.21387755102718456, -0.27872818003956706), 0.2308984226920813, (0.46555, 0.004545, 0.660139, 1.0)
(-0.5991984203040255, 0.5513570382978082, 0.5804883025734711), (-1.254225385429159, 0.0385892038488968, -0.3705326000196826), 0.1501250183910886, (0.337683, 0.005618, 0.643049, 1.0)
(0.5991983713783158, -0.5513568701145681, -0.5804885128191956), (-1.2352923867277266, 0.021168630482655056, -0.38885251220726647), 0.15015490859615582, (0.337683, 0.005618, 0.643049, 1.0)
(-0.7836760992471453, 0.2835563375090514, 0.55267311760862), (-1.047459506954978, 0.06347030028760589, -0.1288445532362473), 0.004693819059277809, (0.063536, 0.028426, 0.533124, 1.0)
(0.7836761621255569, -0.28355650571114105, -0.552672942150279), (-1.0227003542049653, 0.05454621693912374, -0.14629768767203802), 0.004969610218919617, (0.063536, 0.028426, 0.533124, 1.0)
(-0.9348203627772044, 0.03653915295173591, 0.3532361527911117), (-0.8921770949124771, 0.11206322403382653, 0.19706978336599798), 0.18806617418087582, (0.399411, 0.000859, 0.656133, 1.0)
(0.9348205260431252, -0.036539357000874594, -0.3532356996092234), (-0.8626516442641085, 0.11095185434239334, 0.18590544304373766), 0.18720147690771896, (0.393304, 0.001114, 0.655199, 1.0)
(-0.8922054204974886, 0.2941598357352622, 0.34269443922407467), (-0.7566092858197827, 0.31107105486045533, 0.36129912613845944), 0.4469132388445716, (0.744232, 0.218288, 0.520524, 1.0)
(0.8922055230096247, -0.2941602165303845, -0.3426938454683996), (-0.7283978816486132, 0.3018174790556671, 0.35049947802775233), 0.4465211584912676, (0.744232, 0.218288, 0.520524, 1.0)
(0.7767698865666222, 0.6290038696745839, 0.03134765154961217), (0.41886247771547075, 0.19078138727775631, 0.17042494176273656), 0.50919318851292, (0.805467, 0.289057, 0.462415, 1.0)
(-0.776769724793051, -0.6290040926650858, -0.031347185766831195), (0.3943560418052748, 0.17086412901436754, 0.16942177016823154), 0.5094270576819239, (0.805467, 0.289057, 0.462415, 1.0)
(0.7055539855711412, 0.6955456275393371, 0.13568291512046562), (0.5531684920075173, 0.018147526299893104, 0.01226070465608912), 0.2525582352276526, (0.494877, 0.01199, 0.657865, 1.0)
(-0.7055541717278627, -0.6955454972091839, -0.1356826152071042), (0.5308697066351791, -0.0038135770785347033, 0.007990871510584906), 0.25277220950784857, (0.494877, 0.01199, 0.657865, 1.0)
(0.7001105753727571, 0.704306152328363, 0.11746499922804), (0.5500173781368435, 0.05958986571407502, -0.185229076372041), 0.09257319101314838, (0.241396, 0.014979, 0.610259, 1.0)
(-0.7001111897305091, -0.7043055562420522, -0.11746491161493618), (0.527905091555547, 0.03734110768484491, -0.18890081868218542), 0.09363296639279814, (0.241396, 0.014979, 0.610259, 1.0)
(0.4900662631361577, 0.8139078408693027, 0.3120722421286971), (0.7017075496750467, -0.00433224277384736, -0.2578658470514946), 0.24316418986625207, (0.48321, 0.00846, 0.659095, 1.0)
(-0.49006620619141417, -0.8139078451950448, -0.31207232027066), (0.686213653278388, -0.03003550344183625, -0.2677156988880699), 0.24284371737746419, (0.48321, 0.00846, 0.659095, 1.0)
(-0.7478966078017956, 0.5062078602930219, 0.42942317848030465), (-1.0667677731394882, 0.29092856021207014, -0.37506867175663167), 0.06575415527452623, (0.193374, 0.018354, 0.59033, 1.0)
(0.7478966324205806, -0.5062077509911576, -0.42942326444945805), (-1.043141877891015, 0.2749396805484567, -0.3886170887108497), 0.06586058542009779, (0.193374, 0.018354, 0.59033, 1.0)
(-0.8105008744922857, 0.42859384568551423, 0.39924384514697503), (-0.9637141653767661, 0.4150390484905776, -0.28020197730435276), 0.020848570168423775, (0.10598, 0.024309, 0.551368, 1.0)
(0.8105009543174007, -0.42859382434418725, -0.3992437060049999), (-0.9381219545294065, 0.401499925845738, -0.29281260272331694), 0.02028551197878324, (0.10598, 0.024309, 0.551368, 1.0)
(-0.8649772614623054, 0.3509717222021731, 0.3586546909878793), (-0.8851040408476443, 0.3614159777536621, -0.10115282312730552), 0.14681575231469118, (0.331426, 0.006261, 0.641316, 1.0)
(0.8649772645435272, -0.35097185479527776, -0.3586545538040184), (-0.8577807346731546, 0.35035191221435286, -0.11249174256981087), 0.1468310919461829, (0.331426, 0.006261, 0.641316, 1.0)
(-0.7847094267399666, 0.572719277343076, 0.23711546753651006), (-0.6658288819398493, 0.5073654025153264, 0.18879703237986917), 0.16987315742036455, (0.368733, 0.002724, 0.650601, 1.0)
(0.7847093841903549, -0.5727194143811453, -0.2371152773536793), (-0.6410482413469242, 0.4892692804186122, 0.18131083848613022), 0.16988434182929968, (0.368733, 0.002724, 0.650601, 1.0)
(-0.3345535893186915, 0.8537804683765424, 0.398914536828018), (-0.30399052065331966, 0.6350665970146673, 0.39242850272230717), 0.3908283747519487, (0.683758, 0.156278, 0.57166, 1.0)
(0.3345535880395509, -0.8537806621659456, -0.3989141231409865), (-0.2933996039758865, 0.6080912625628532, 0.37985091915409075), 0.3908089431132503, (0.683758, 0.156278, 0.57166, 1.0)
(0.48953583146700264, 0.7225733055825387, 0.4881008991688434), (0.15347962927813763, 0.5555684830514745, 0.3164045925006984), 0.7085617273435483, (0.953428, 0.52796, 0.288883, 1.0)
(-0.4895358816699878, -0.7225736130690714, -0.4881003936219429), (0.13807550382833944, 0.5327015936986218, 0.3009616844668256), 0.7073277470630274, (0.953428, 0.52796, 0.288883, 1.0)
(0.8054161833677073, 0.592058139649372, 0.027783643467340764), (0.2620794128647566, 0.569205801672803, 0.06878105656124103), 0.007480020465753029, (0.063536, 0.028426, 0.533124, 1.0)
(-0.8054164801679279, -0.5920577133553266, -0.027784123710627506), (0.23661277499880334, 0.5505521453905101, 0.06790692808041546), 0.0061960074724273055, (0.063536, 0.028426, 0.533124, 1.0)
(0.9015363607940574, 0.43248084297196193, 0.013874819943635788), (0.33030409392109017, 0.39341903702874803, 0.011118982555007637), 0.23208606137268867, (0.46555, 0.004545, 0.660139, 1.0)
(-0.9015363389414854, -0.4324808913931867, -0.013874730546489729), (0.30182868408285884, 0.37975623815965587, 0.010677067994493986), 0.23230763189503553, (0.46555, 0.004545, 0.660139, 1.0)
(0.8576360773756616, 0.46195460412813827, 0.22596084286553578), (0.3769075981644251, 0.3654309638824792, -0.19327094204874873), 0.06764039885608812, (0.200445, 0.017902, 0.593364, 1.0)
(-0.8576359816292028, -0.46195482137738386, -0.22596076212719549), (0.349822793386548, 0.3508504963583293, -0.2004273628644383), 0.06798819881376574, (0.200445, 0.017902, 0.593364, 1.0)
(0.7947715394276756, 0.5770049701280149, 0.188158083970185), (0.46825744447513346, 0.20576875753877694, -0.2763584574599882), 0.12052343333451199, (0.287076, 0.010855, 0.627295, 1.0)
(-0.7947715267729885, -0.5770050315681474, -0.18815794901086233), (0.4431566892831948, 0.18754496998053455, -0.2823033103539288), 0.12114213777157029, (0.293478, 0.010213, 0.62949, 1.0)
(-0.8168361075265432, 0.42117717590840786, 0.39419355643478454), (-0.8990605299327736, 0.5688521289776527, -0.3781521714053016), 0.09413772031464906, (0.248032, 0.014439, 0.612868, 1.0)
(0.8168361149634614, -0.4211771798771458, -0.39419353678381547), (-0.8732618268150639, 0.5555423775235808, -0.39059083983460935), 0.09427796818239063, (0.248032, 0.014439, 0.612868, 1.0)
(-0.790390851692377, 0.3828188174376427, 0.47825940092866315), (-0.8029429545273983, 0.7078420181597079, -0.29046317295001806), 0.07143086413161674, (0.207435, 0.017442, 0.596333, 1.0)
(0.7903908490648431, -0.38281896509107477, -0.4782592870830162), (-0.7779726791636069, 0.6957696465344788, -0.3055675021714217), 0.07089029932875902, (0.207435, 0.017442, 0.596333, 1.0)
(-0.4539315753071151, 0.7493523644200676, 0.4820966281537916), (-0.4284778171356306, 0.7844891419581793, 0.046959924390093125), 0.09467996114952343, (0.248032, 0.014439, 0.612868, 1.0)
(0.45393140284149774, -0.7493525585519147, -0.4820964887924918), (-0.4141557392870724, 0.7608048672273455, 0.03174881442930985), 0.09480333373329852, (0.248032, 0.014439, 0.612868, 1.0)
(-0.1128001103081718, 0.8151842398785178, 0.5681116000999691), (-0.25453989354146256, 0.8781741380279133, 0.021106387704347966), 0.0033128172879946477, (0.050383, 0.029803, 0.527975, 1.0)
(0.11279956690085954, -0.8151843728416674, -0.568111517205659), (-0.250956119513049, 0.8524451817804188, 0.0031497546882246884), 0.0029334030989779853, (0.050383, 0.029803, 0.527975, 1.0)
(0.1307405274386203, 0.8691648381872275, 0.4769270369186908), (-0.08087331507343477, 0.7927218860299309, 0.08994276339375734), 0.21955434073392951, (0.447714, 0.00208, 0.66024, 1.0)
(-0.13074078356679372, -0.8691647814415073, -0.47692707012087054), (-0.0850050184718982, 0.7652591416140444, 0.07489556349379994), 0.2194490185424312, (0.447714, 0.00208, 0.66024, 1.0)
(0.7896780018918236, 0.5474408791515473, 0.2769785861071541), (0.20677810153112258, 0.6831221352880686, -0.057725297703410894), 0.06558885368787379, (0.193374, 0.018354, 0.59033, 1.0)
(-0.7896781684609274, -0.5474407246388425, -0.27697841660153594), (0.1818611571155015, 0.6657892716857645, -0.06644921494499752), 0.0654827664072204, (0.193374, 0.018354, 0.59033, 1.0)
(0.8742938037047396, 0.24483975416434928, 0.4191227023011746), (0.2837369829972747, 0.6602040080047139, -0.2214014076189276), 0.016941459093076865, (0.096379, 0.025165, 0.547103, 1.0)
(-0.8742939804454384, -0.24483992984580089, -0.41912223098992824), (0.25612556120415536, 0.6524945485821398, -0.23464769486337955), 0.017074086889493315, (0.096379, 0.025165, 0.547103, 1.0)
(-0.7824865084149156, 0.3670277598294321, 0.5029965085994363), (-0.7682237412306732, 0.8620131464576244, -0.38933242254360345), 0.17358193430869548, (0.374897, 0.002245, 0.651876, 1.0)
(0.7824865246240118, -0.36702775147810046, -0.5029964894775761), (-0.7435073858734662, 0.8504049640581534, -0.4052054325277943), 0.173556757974632, (0.374897, 0.002245, 0.651876, 1.0)
(-0.6143485776207642, 0.41112594661195967, 0.6734621601825629), (-0.6615571827634313, 0.9955507483272146, -0.3210173714937485), 0.038054550878324996, (0.140603, 0.021687, 0.566959, 1.0)
(0.614348617055459, -0.41112602458202113, -0.6734620766111693), (-0.6421434715047984, 0.9825911349765208, -0.34228914170282604), 0.03769863072158668, (0.140603, 0.021687, 0.566959, 1.0)
(-0.5024084130415638, 0.49060550756041077, 0.7119634979803735), (-0.5291630807961166, 0.950442760719434, -0.20480770798508693), 0.04253612352484266, (0.148607, 0.021154, 0.570562, 1.0)
(0.5024084761009412, -0.490605607571527, -0.711963384565037), (-0.5133116356941525, 0.9349347612451947, -0.2272927007285398), 0.042900891428867764, (0.148607, 0.021154, 0.570562, 1.0)
(-0.046120558028300604, 0.6525441409680515, 0.7563458456390343), (-0.22916162534813567, 0.9894608383022216, -0.11899178852801696), 0.07468092609709519, (0.21435, 0.016973, 0.599239, 1.0)
(0.046120634104646084, -0.6525442480358685, -0.7563457486263067), (-0.22771252559555563, 0.9688279542603668, -0.14285786996346456), 0.07508300181186363, (0.21435, 0.016973, 0.599239, 1.0)
(0.41259705729820884, 0.5359044224466809, 0.736593591005887), (0.08265476072888174, 0.9430121041423516, -0.14746309847174024), 0.02331261262721935, (0.10598, 0.024309, 0.551368, 1.0)
(-0.41259709673090633, -0.5359045121846305, -0.7365935036296344), (0.06963197151143571, 0.9260469103100325, -0.17069871567849648), 0.02324912788531676, (0.10598, 0.024309, 0.551368, 1.0)
(0.8676727389840726, 0.020565411377382218, 0.49671025948610803), (0.2945705890068401, 0.8082813603716553, -0.3198055457773998), 0.3126719930520488, (0.584391, 0.068579, 0.632812, 1.0)
(-0.86767250117701, -0.020565532135635518, -0.49671066989668106), (0.26715117545920114, 0.8076290121761461, -0.3354780254039659), 0.3128408777488769, (0.584391, 0.068579, 0.632812, 1.0)
(-0.5619554009837353, 0.34161999863003495, 0.7533272222887105), (-0.642150267100658, 1.1540411103437025, -0.4131929723600788), 0.19550548701254417, (0.41158, 0.000577, 0.65773, 1.0)
(0.561955430828417, -0.34162003027435334, -0.7533271856755192), (-0.6244009115844978, 1.143225433103237, -0.4369758696658274), 0.19584020012921893, (0.41158, 0.000577, 0.65773, 1.0)
(-0.2505986825940632, 0.4339140244845256, 0.865401016660925), (-0.36116929790676733, 1.1942074159975056, -0.2885433813653632), 0.024069443450760935, (0.115124, 0.023556, 0.555468, 1.0)
(0.25059872249768267, -0.43391415414765466, -0.8654009400924261), (-0.3532593108745198, 1.1804910386888008, -0.3158673173727797), 0.02435248017411803, (0.115124, 0.023556, 0.555468, 1.0)
(0.18141998851981211, 0.42807358952249996, 0.8853472706903169), (-0.054505720746773706, 1.190699900538139, -0.2668088905422712), 0.07861336923783267, (0.221197, 0.016497, 0.602083, 1.0)
(-0.1814198119536954, -0.4280737901549388, -0.8853472098634927), (-0.0602397299690102, 1.1771561195360745, -0.29475705753885706), 0.0787868674019763, (0.221197, 0.016497, 0.602083, 1.0)
(0.5452633501466491, 0.29310515729909875, 0.7853516701144293), (0.2594658863327406, 1.1134291422024394, -0.3544059353763586), 0.5547260669645753, (0.846788, 0.342551, 0.420579, 1.0)
(-0.5452628397310144, -0.29310524491162754, -0.7853519917933391), (0.242236115284849, 1.1041782779024403, -0.3792235164262723), 0.554830791303262, (0.846788, 0.342551, 0.420579, 1.0)
(-0.21716766808252774, 0.4781260581434152, 0.851019198645857), (-0.48818975389161745, 1.4192679197373248, -0.44303919722475665), 0.1551170610100773, (0.343925, 0.004991, 0.64471, 1.0)
(0.2171676812675616, -0.47812612304981267, -0.8510191588150211), (-0.48133810783307673, 1.4041548686474727, -0.46991324764688663), 0.15530072427202768, (0.343925, 0.004991, 0.64471, 1.0)
(-0.23540831625669395, 0.3978236670359551, 0.8867464432312394), (-0.34255700805385, 1.495997316745248, -0.45376726505173326), 0.04549098614822853, (0.156421, 0.020651, 0.574065, 1.0)
(0.23540826066085638, -0.39782367675252084, -0.8867464536313274), (-0.3351254634864607, 1.4834525102492806, -0.48178060704253817), 0.04608362094104422, (0.156421, 0.020651, 0.574065, 1.0)
(-0.16384883523093463, 0.4464017227644286, 0.8797039621977477), (-0.1996212967845912, 1.4283109743791167, -0.3812830344509601), 0.16377229271174826, (0.356359, 0.003798, 0.64781, 1.0)
(0.16384906633967297, -0.4464018400161283, -0.8797038596538225), (-0.1944313520981904, 1.4141831342114592, -0.40905083153656857), 0.163686965132064, (0.356359, 0.003798, 0.64781, 1.0)
(0.30097048573226803, 0.289321359732974, 0.9086858189277225), (0.11769088369417928, 1.4209480421539677, -0.414264262633621), 0.20405806129599682, (0.423689, 0.000646, 0.658956, 1.0)
(-0.3009702362408322, -0.2893211563666814, -0.9086859663138768), (0.10819617113879595, 1.4118155058594386, -0.44297154517126336), 0.20416965411930327, (0.423689, 0.000646, 0.658956, 1.0)
