(-0.5789915403674585, -0.6783447469584336, 0.45234632800191554), (-1.5760539269503384, -1.1863123927668264, -0.3451102234980684), 0.5636255307053404, (0.853319, 0.351553, 0.413734, 1.0)
(0.5789920036856927, 0.6783435321244434, -0.452347556744768), (-1.5560958550736044, -1.1628720458831947, -0.36064420863253505), 0.5636239676683117, (0.853319, 0.351553, 0.413734, 1.0)
(-0.18925156580261845, -0.9250806388879513, 0.3292562169434573), (-1.3264238085699478, -1.3256648087267577, -0.3468909889014018), 0.23778594020406335, (0.471457, 0.005678, 0.659897, 1.0)
(0.1892524634305455, 0.9250803731381544, -0.3292564476514366), (-1.3199281492732304, -1.2937730311331066, -0.3581942218054715), 0.2377855277281178, (0.471457, 0.005678, 0.659897, 1.0)
(0.1794506838434028, -0.9416700969405714, 0.2847013884688136), (-1.0964539628631316, -1.2621630010776312, -0.17049522154863375), 0.005746855472023358, (0.063536, 0.028426, 0.533124, 1.0)
(-0.1794502707759155, 0.9416701845014351, -0.2847013592160806), (-1.1026631849326587, -1.2297363663448584, -0.18027035979468325), 0.005746719631092112, (0.063536, 0.028426, 0.533124, 1.0)
(0.4856708275006047, -0.8012544794351321, 0.3494497195592141), (-0.837642761678862, -1.1878574323149533, -0.30043943571987275), 0.09438674624180717, (0.248032, 0.014439, 0.612868, 1.0)
(-0.4856710573584776, 0.8012543235842348, -0.3494497574500069), (-0.85437756907112, -1.1602819148371164, -0.3125093989078757), 0.09438680954409295, (0.248032, 0.014439, 0.612868, 1.0)
(0.5519498073758863, -0.7778736039794003, 0.30043978826017875), (-0.626980671707426, -1.0541754840926927, -0.20003388083240026), 0.13643622906503872, (0.312543, 0.008239, 0.6357, 1.0)
(-0.5519499989520883, 0.7778732578189348, -0.30044033255697666), (-0.6459833401091055, -1.0273873577148094, -0.210411901581937), 0.13643641115189087, (0.312543, 0.008239, 0.6357, 1.0)
(0.3734585774705219, -0.8597195826093172, 0.34844071259219356), (-0.41470688256869864, -0.9887026418255029, -0.38684899965230696), 0.1260753650885808, (0.299855, 0.009561, 0.631624, 1.0)
(-0.3734585196348982, 0.8597194633342681, -0.34844106887155024), (-0.4275582363545343, -0.9590910849075563, -0.3988632228165462), 0.1260754301316323, (0.299855, 0.009561, 0.631624, 1.0)
(0.18756136073421953, -0.9661766311413599, 0.17698433093316693), (-0.18200233949543096, -0.898891257613846, -0.2793678114553365), 0.06606104172821756, (0.193374, 0.018354, 0.59033, 1.0)
(-0.18756154120602309, 0.9661766539280288, -0.17698401528064478), (-0.18850096183351164, -0.865627465859671, -0.2854717832286641), 0.06606109069991503, (0.193374, 0.018354, 0.59033, 1.0)
(-0.06380851513111922, -0.9462583565472249, 0.3170545632242296), (0.02043634392173405, -0.9253032638913874, -0.42981520520360084), 0.13325438015324154, (0.312543, 0.008239, 0.6357, 1.0)
(0.06380842881670783, 0.9462582649671125, -0.3170548539186445), (0.0226362390759842, -0.8927163290444122, -0.440753216755346), 0.13325444459474317, (0.312543, 0.008239, 0.6357, 1.0)
(-0.2547045725208842, -0.9598123509768507, 0.11783815871458826), (0.25908335434314433, -0.9536141639411174, -0.3144712425082515), 0.04321314016591491, (0.156421, 0.020651, 0.574065, 1.0)
(0.2547047057052504, 0.9598123171840057, -0.11783814608806178), (0.26784416504107655, -0.9205569400266062, -0.31850794584238995), 0.043213127083627643, (0.156421, 0.020651, 0.574065, 1.0)
(-0.2538545535247365, -0.933840114443581, 0.2519930679815544), (0.4743185413376833, -1.0432098984731903, -0.47238320968344294), 0.20337626920641502, (0.423689, 0.000646, 0.658956, 1.0)
(0.2538541621528103, 0.9338401427876983, -0.25199335720599003), (0.4830380610218716, -1.0110417269285923, -0.4811013308381894), 0.20337650152636227, (0.423689, 0.000646, 0.658956, 1.0)
(0.43703445710615896, -0.8778888148425676, 0.19573480037090185), (1.1392151772810961, -1.163354677824163, -0.5660562650973299), 0.33058675466560744, (0.605485, 0.085854, 0.622686, 1.0)
(-0.437033111912565, 0.877889477971189, -0.19573482970461029), (1.1241142347555633, -1.1331143177505811, -0.5727721530122657), 0.3305860458962033, (0.605485, 0.085854, 0.622686, 1.0)
(-0.8934974350353705, 0.014216376440611847, 0.4488432111841648), (-1.65025979434843, -0.745639395573156, -0.38351502645447333), 0.05441223706739284, (0.171574, 0.019706, 0.580806, 1.0)
(0.8934974209205746, -0.014216620732520113, -0.44884323154441036), (-1.619494841084615, -0.7461268490728361, -0.39898034902556767), 0.054412240829305125, (0.171574, 0.019706, 0.580806, 1.0)
(-0.885963909962332, -0.1970070705119361, 0.41982873223799483), (-1.5987870166718139, -0.9302662321408632, -0.22159150006915423), 0.06620087430116843, (0.193374, 0.018354, 0.59033, 1.0)
(0.8859642967071478, 0.1970063289337795, -0.4198282640797835), (-1.5682717691395527, -0.9234495004922745, -0.23602490089781258), 0.06620075812351138, (0.193374, 0.018354, 0.59033, 1.0)
(-0.7894406847174468, -0.27129691432495806, 0.550619096645408), (-1.466842683593613, -0.8764712935712932, 0.05512899571492046), 0.3236829423321368, (0.595011, 0.07719, 0.627917, 1.0)
(0.7894410008282127, 0.2712957689239968, -0.5506192077791032), (-1.4396463169938505, -0.8670759726727854, 0.03616420788976941), 0.32368230770837075, (0.595011, 0.07719, 0.627917, 1.0)
(-0.18659562507069052, -0.7206092558916687, 0.6677607153971652), (-1.17568683411361, -1.1045825784759253, 0.1476863939092943), 0.3026916027849886, (0.568201, 0.055778, 0.639477, 1.0)
(0.18659668186827344, 0.720609237113168, -0.667760440354869), (-1.1692785493491547, -1.079731451384036, 0.12469072534929389), 0.30269137981572064, (0.568201, 0.055778, 0.639477, 1.0)
(0.15358028442657057, -0.5726465590622509, 0.8052881562705474), (-0.8574489603977652, -0.9531819015771995, 0.3154401623046013), 0.04651177592212566, (0.156421, 0.020651, 0.574065, 1.0)
(-0.1535803382461625, 0.5726470846096485, -0.8052877722853269), (-0.8627659870825138, -0.9334993847189821, 0.2876880956614581), 0.046511481054339526, (0.156421, 0.020651, 0.574065, 1.0)
(0.5635558284530894, -0.7310444040877859, 0.38468026654415993), (-0.5690725044174612, -0.9602908899976097, 0.08658689397763229), 0.04699058425652358, (0.16407, 0.020171, 0.577478, 1.0)
(-0.5635557007382272, 0.7310448122375595, -0.3846796779997575), (-0.588480222904569, -0.9351054597518907, 0.07336248485798026), 0.046990769310653976, (0.16407, 0.020171, 0.577478, 1.0)
(0.25209478529075896, -0.6687689019442593, 0.6994257466103716), (-0.35266194109674537, -0.815514099657002, 0.13412369019512746), 0.21542370642074155, (0.441732, 0.00154, 0.660069, 1.0)
(-0.2520956806087795, 0.6687691216193358, -0.6994252138627105), (-0.3613565744915583, -0.7925507508362661, 0.1099576224089938), 0.21542320931765638, (0.441732, 0.00154, 0.660069, 1.0)
(-0.14930153411757377, -0.9865579261732323, 0.06642672816652878), (0.5559360509422215, -0.9754208830177195, 0.12222261430237204), 0.14181626259144686, (0.32515, 0.006915, 0.639512, 1.0)
(0.14930163887183032, 0.9865578611258436, -0.06642745878765817), (0.5611110828552739, -0.9414402197735454, 0.1199912831455611), 0.14181583632040431, (0.32515, 0.006915, 0.639512, 1.0)
(0.05187835808049208, -0.9631479519702432, 0.26392169023859785), (0.8136760059539593, -1.0885396115499326, -0.09159951270908691), 0.1419054102330438, (0.32515, 0.006915, 0.639512, 1.0)
(-0.05187781740251843, 0.96314804610608, -0.26392145298097963), (0.8118396601638598, -1.0553642739631313, -0.10068075154900703), 0.14190513636563715, (0.32515, 0.006915, 0.639512, 1.0)
(0.6284584957014034, -0.6807449060831549, 0.37633268795384467), (1.1555364125839938, -1.0153478185904286, -0.07212237072973303), 0.3722949540577542, (0.660374, 0.134144, 0.588971, 1.0)
(-0.6284570753040298, 0.680746231799491, -0.3763326618712471), (1.1338380985862357, -0.9919072225996467, -0.0850685172138557), 0.37229403551089696, (0.660374, 0.134144, 0.588971, 1.0)
(0.7685354229213739, -0.6110930150035304, 0.18952211145130254), (1.2700009884936525, -1.0218545899587816, -0.38538116219877544), 0.23485812706959025, (0.471457, 0.005678, 0.659897, 1.0)
(-0.7685348681879327, 0.6110938121084093, -0.18952179078451434), (1.2434900732349932, -1.000831441883214, -0.3918790740407775), 0.2348577711826721, (0.471457, 0.005678, 0.659897, 1.0)
(0.9663740643492872, -0.06164260731923353, 0.24964245775894522), (1.4237944354336332, -0.8057330895308732, -0.4946722422444204), 0.4264299925282084, (0.723444, 0.196158, 0.538981, 1.0)
(-0.9663737682399485, 0.061643958074771986, -0.24964327046928023), (1.390467462408921, -0.8036546352376582, -0.5032287611153594), 0.4264288043636108, (0.723444, 0.196158, 0.538981, 1.0)
(-0.8894076853519992, 0.33862653746570054, 0.30706031550949353), (-1.4511387859072609, -0.38067458575651575, -0.16954777598431478), 0.07842512764441117, (0.221197, 0.016497, 0.602083, 1.0)
(0.889407592321688, -0.3386266495206862, -0.30706046139959564), (-1.4205168243418693, -0.39236486054188074, -0.18011563441938216), 0.07842516591097422, (0.221197, 0.016497, 0.602083, 1.0)
(-0.8676113365303909, 0.07042714674724268, 0.4922302161844506), (-1.4031612466730485, -0.5431908207780536, 0.09406326974284568), 0.09505751662949108, (0.248032, 0.014439, 0.612868, 1.0)
(0.8676111182162513, -0.07042772982249648, -0.4922305175622451), (-1.3732573248822657, -0.545615907262405, 0.07715096555449133), 0.09505732372200978, (0.248032, 0.014439, 0.612868, 1.0)
(-0.5050351604475555, 0.3923801986218464, 0.7687504578477936), (-1.1693820269715642, -0.3792954169002335, 0.26039993118211535), 0.21788755010355856, (0.441732, 0.00154, 0.660069, 1.0)
(0.5050342133011629, -0.39238010308444843, -0.7687511288438628), (-1.1519488796947412, -0.39282796309585744, 0.2339448147991097), 0.21788695769490504, (0.441732, 0.00154, 0.660069, 1.0)
(-0.04508671084398137, 0.3215495993042255, 0.945818716082825), (-0.8855165641270453, -0.5720618193169621, 0.3742184719705967), 0.039686285873120036, (0.148607, 0.021154, 0.570562, 1.0)
(0.0450860858086924, -0.32154919501988066, -0.9458188833220228), (-0.8839608547078184, -0.5831700370323714, 0.34166093900136507), 0.03968608066783845, (0.148607, 0.021154, 0.570562, 1.0)
(0.342631348603887, 0.3678816065146568, 0.8644459974701004), (-0.5989236678098397, -0.43276965868197387, 0.2636765057284035), 0.11957061542420079, (0.287076, 0.010855, 0.627295, 1.0)
(-0.34263129313024776, -0.36788140028700667, -0.8644461072217084), (-0.6107446796609012, -0.4454605768056032, 0.2339190253669075), 0.11957053083628645, (0.287076, 0.010855, 0.627295, 1.0)
(0.06947751876973761, -0.053399943815412285, 0.9961532614944909), (-0.3691758738940647, -0.5928183931840784, 0.24852705395157873), 0.872713099314152, (0.993482, 0.765499, 0.156891, 1.0)
(-0.06947802787409617, 0.053401750023642294, -0.9961531291609432), (-0.37161495759130503, -0.5910070689301664, 0.21415009235352664), 0.8727127048296986, (0.993482, 0.765499, 0.156891, 1.0)
(0.028695708326359794, 0.21001784093628484, 0.9772763492544521), (-0.1440760769530721, -0.46089944515550274, 0.23180828422993982), 0.3004703813057956, (0.562738, 0.051545, 0.641509, 1.0)
(-0.028695287004981865, -0.21001827084588642, -0.9772762692374176), (-0.14511499651305906, -0.46817384027343306, 0.19814170887785032), 0.3004703031361883, (0.562738, 0.051545, 0.641509, 1.0)
(-0.20858820178872564, -0.41031498303043024, 0.887768312554173), (0.053469995385799905, -0.6233595616021369, 0.2504020009157699), 0.7832717617479957, (0.984199, 0.629718, 0.224595, 1.0)
(0.20858858930353613, 0.41031420838282384, -0.8877685795360958), (0.06067881810916294, -0.6091555275716375, 0.21979603179157037), 0.7832713372917999, (0.984199, 0.629718, 0.224595, 1.0)
(-0.4676783024007614, -0.03349264863753729, 0.8832639741044488), (0.2850846862433829, -0.48868780370269743, 0.3429334965311784), 0.15939591941642103, (0.35015, 0.004382, 0.646298, 1.0)
(0.46767847150013314, 0.033491113865162465, -0.8832639427642056), (0.30120822608280995, -0.48753852503478, 0.31251538514054383), 0.15939602823256427, (0.35015, 0.004382, 0.646298, 1.0)
(-0.30063706351892105, -0.493367405203598, 0.8162144078129159), (0.5548344477178351, -0.7415603712160472, 0.4706017277720121), 0.09058726054320942, (0.241396, 0.014979, 0.610259, 1.0)
(0.3006376823410337, 0.4933663248661936, -0.8162148328991805), (0.5652037863968616, -0.7245125722001344, 0.44253081908820496), 0.09058649289924141, (0.241396, 0.014979, 0.610259, 1.0)
(0.3965401082218001, 0.13444135088536965, 0.9081197419633383), (1.0002922184494514, -0.4938655600043861, 0.5156914201860289), 0.30102632471403096, (0.568201, 0.055778, 0.639477, 1.0)
(-0.3965408222160795, -0.13444153296374853, -0.9081194032342624), (0.9866526282415318, -0.4985142203209143, 0.4843898798719427), 0.3010261287218143, (0.568201, 0.055778, 0.639477, 1.0)
(0.893904945950406, -0.10642910235381564, 0.4354386222851192), (1.2701003033180591, -0.6860874239762208, 0.13771704533022272), 0.16975263343971247, (0.368733, 0.002724, 0.650601, 1.0)
(-0.8939051508041049, 0.10642997385444754, -0.4354379887323017), (1.2392969635773887, -0.6824612862109822, 0.12272963533081775), 0.16975234861408908, (0.368733, 0.002724, 0.650601, 1.0)
(0.8423136404388458, 0.5285686546712035, 0.1054652000886201), (1.2805207070927982, -0.42096064843603437, -0.14610769468101797), 0.019434754334892154, (0.096379, 0.025165, 0.547103, 1.0)
(-0.8423137889221967, -0.5285684126308311, -0.10546522725740677), (1.251524941045118, -0.4391784794280875, -0.1497180998805807), 0.019434687715504766, (0.096379, 0.025165, 0.547103, 1.0)
(0.9311096758038298, 0.3231246204410348, 0.16918998578321484), (1.3751624984986957, -0.5338191226479518, -0.4207558740228878), 0.12610346635395372, (0.299855, 0.009561, 0.631624, 1.0)
(-0.9311098945805538, -0.32312404215701845, -0.16918988620570513), (1.3430954947334564, -0.5449702363567777, -0.42656138202488897), 0.1261033411601069, (0.299855, 0.009561, 0.631624, 1.0)
(-0.9179812634117399, 0.21450594995212696, 0.3336129455823342), (-1.4234609205595383, -0.001807986583356268, -0.37557367846143447), 0.02205567607325916, (0.10598, 0.024309, 0.551368, 1.0)
(0.9179811808629951, -0.2145059930094889, -0.3336131450413704), (-1.3918467953434024, -0.009189057860834805, -0.387052413763217), 0.02205563809908736, (0.10598, 0.024309, 0.551368, 1.0)
(-0.7667975917621866, 0.2817935002703365, 0.5767268647055578), (-1.248186088903818, 0.008475628420310853, -0.009811875836181733), 0.12770613070929746, (0.299855, 0.009561, 0.631624, 1.0)
(0.7667972226148775, -0.2817934963114994, -0.5767273574460039), (-1.2217372846094523, -0.0011982719542024101, -0.029641980442595146), 0.127705775516463, (0.299855, 0.009561, 0.631624, 1.0)
(-0.3579572315028325, 0.3928725657967596, 0.8470642050394398), (-1.088363955732096, -0.10786336145016252, 0.15792927198263282), 0.2855493759440735, (0.546157, 0.038954, 0.64701, 1.0)
(0.3579556845700596, -0.39287317981303416, -0.8470645739656306), (-1.0759824867836523, -0.12145444852538217, 0.12878607261978833), 0.2855487469979608, (0.546157, 0.038954, 0.64701, 1.0)
(0.10358252074102887, 0.33642485627619356, 0.9359962486444466), (-0.8475526999216841, -0.023826938111719695, 0.115561796036798), 0.016831912075622322, (0.096379, 0.025165, 0.547103, 1.0)
(-0.10358234541061033, -0.33642509233065615, -0.9359961832024458), (-0.851072755007647, -0.035345214909231995, 0.08330334474523027), 0.016831800327992644, (0.096379, 0.025165, 0.547103, 1.0)
(0.28699684193000374, 0.5466718147431253, 0.7866274465639134), (-0.6266238875579551, -0.17652586374475307, 0.11908756316647587), 0.02918491193006847, (0.123903, 0.022878, 0.559423, 1.0)
(-0.2869971312486999, -0.546671729659851, -0.786627400136636), (-0.6365247286110051, -0.19537294539349273, 0.09202280722800367), 0.02918496335353927, (0.123903, 0.022878, 0.559423, 1.0)
(-0.07251145103267846, 0.5400950934854096, 0.8384744357832993), (-0.13409817640127483, -0.22777834789779414, 0.08453313325789344), 0.06392203898614175, (0.193374, 0.018354, 0.59033, 1.0)
(0.07251117354188365, -0.540095094641773, -0.838474459035857), (-0.13160121890182638, -0.24637397467386327, 0.05565540409815797), 0.06392204334061743, (0.193374, 0.018354, 0.59033, 1.0)
(-0.35310043355565474, 0.4559504062077814, 0.8169634697474348), (0.11842704975018202, -0.08981356642682102, 0.08718501347219848), 0.04164341700547569, (0.148607, 0.021154, 0.570562, 1.0)
(0.3531001259752474, -0.4559506508092, -0.8169634661739357), (0.1305678914732579, -0.1055502259968863, 0.05906427857367399), 0.04164358328842735, (0.148607, 0.021154, 0.570562, 1.0)
(-0.35899470222404356, 0.38147451186458603, 0.8518215778980631), (0.5582667651068614, -0.0034070302692154482, 0.31141205316709697), 0.632369859352355, (0.904601, 0.429797, 0.356329, 1.0)
(0.35899262033101265, -0.3814745815444831, -0.8518224240904526), (0.5707255048510953, -0.016613078028310583, 0.2820881163238492), 0.6323675881036864, (0.904601, 0.429797, 0.356329, 1.0)
(0.2912872052276471, 0.49608664232688215, 0.817954648727854), (0.8787524618139291, -0.10053362781858334, 0.3261314044741194), 0.39797134673211454, (0.688318, 0.160709, 0.568103, 1.0)
(-0.2912886257662593, -0.4960879782344067, -0.8179533326238747), (0.868831559829286, -0.11768167332385061, 0.2979254517995271), 0.3979700103722798, (0.688318, 0.160709, 0.568103, 1.0)
(0.7651690351439991, 0.6123509973990153, 0.19885322134990002), (1.123626853774997, -0.13815616339950795, -0.15994338132470348), 0.04821717990527381, (0.16407, 0.020171, 0.577478, 1.0)
(-0.7651690073240839, -0.612351061470336, -0.1988531310963672), (1.0972850107349836, -0.15925545808376743, -0.166783321798879), 0.048217198345671924, (0.16407, 0.020171, 0.577478, 1.0)
(0.7284598074568689, 0.5832091538883795, 0.35946264303916464), (1.1123034492020785, -0.025849000851261406, -0.4392810322969662), 0.11056719570056947, (0.274191, 0.012109, 0.622722, 1.0)
(-0.7284596492129696, -0.5832091784798249, -0.3594629238258172), (1.0872236917570917, -0.04593757558823539, -0.4516786724402894), 0.11056727606095039, (0.274191, 0.012109, 0.622722, 1.0)
(-0.594019784955382, 0.039009782532252055, 0.803504033560721), (-1.2092975179312724, 0.2468825009427593, -0.028242869873411184), 0.30220853713982976, (0.568201, 0.055778, 0.639477, 1.0)
(0.5940203106610074, -0.03900976166688285, -0.8035036459263227), (-1.1888463851218847, 0.2455239264995604, -0.055943907243563865), 0.30220835958791786, (0.568201, 0.055778, 0.639477, 1.0)
(-0.10866162037631619, -0.024179814956807332, 0.9937846792972047), (-1.0408808679564032, 0.34528055048643824, 0.04705941075731999), 0.10978213423892748, (0.274191, 0.012109, 0.622722, 1.0)
(0.1086624450402131, 0.024179876320920266, -0.9937845876340545), (-1.0371598654265548, 0.34618867554836086, 0.012831105936807153), 0.10978198724017035, (0.274191, 0.012109, 0.622722, 1.0)
(0.39613397969439895, -0.08925575160629162, 0.9138442323157013), (-0.6120184491998888, 0.3551927100297451, -0.10906708624132941), 0.06519174012959082, (0.193374, 0.018354, 0.59033, 1.0)
(-0.3961337804380635, 0.08925620462531166, -0.9138442744427151), (-0.62567850754265, 0.3582992730923399, -0.14052685199779077), 0.06519186255293351, (0.193374, 0.018354, 0.59033, 1.0)
(0.13587133780042882, 0.23669891000937823, 0.9620356571170811), (-0.3657398496622707, 0.18117379647018575, -0.1662238908020436), 0.13839867696196673, (0.318856, 0.007576, 0.63764, 1.0)
(-0.13587131330340443, -0.23669855271306187, -0.9620357484858606), (-0.3704234074359408, 0.17302769634746337, -0.1993618613552728), 0.13839871192723838, (0.318856, 0.007576, 0.63764, 1.0)
(-0.41850182796663765, -0.07131389440476231, 0.9054118115274449), (-0.08167144043205574, 0.3403142016615649, -0.14173006162832966), 0.01326633311090788, (0.086222, 0.026125, 0.542658, 1.0)
(0.41850209162345364, 0.07131371690687369, -0.9054117036396873), (-0.06725622886035826, 0.3427787528756172, -0.17290324488388448), 0.013266340980151897, (0.086222, 0.026125, 0.542658, 1.0)
(-0.5748149195388854, 0.18763053780513123, 0.7964813805472555), (0.1448912139590167, 0.1939212475729566, 0.004619963069464072), 0.0006991507404667557, (0.050383, 0.029803, 0.527975, 1.0)
(0.5748149330911073, -0.1876307721637878, -0.7964813155578018), (0.16470485978842647, 0.18744930425486608, -0.022786159738248993), 0.0006991991667041134, (0.050383, 0.029803, 0.527975, 1.0)
(0.017478781093330845, 0.2656484834110416, 0.9639114977387213), (0.5672960384726802, 0.26968284072937077, 0.22725725761243443), 0.8817031135623865, (0.992505, 0.777967, 0.152855, 1.0)
(-0.0174787987820173, -0.26564842295878394, -0.9639115140782626), (0.566703241689296, 0.26049972004175304, 0.19399499354396374), 0.881703096048436, (0.992505, 0.777967, 0.152855, 1.0)
(0.5491086242591493, -0.03269734677586104, 0.8351111316932875), (0.7599138640886687, 0.3621256435516169, 0.1533614698091185), 0.33675042977799213, (0.615812, 0.094564, 0.61714, 1.0)
(-0.5491084602770336, 0.03269719383628706, -0.835111245504105), (0.741001602946678, 0.3633472423831367, 0.12457779383268137), 0.3367502996326609, (0.615812, 0.094564, 0.61714, 1.0)
(0.897565873989513, 0.223419161361306, 0.38007812379305944), (0.992244496470271, 0.23903332805304278, -0.4715028476712381), 0.2114160743014149, (0.435734, 0.001127, 0.659797, 1.0)
(-0.8975657226873909, -0.22341891789293167, -0.38007862421374505), (0.9613281725996837, 0.23134836352533888, -0.4846176434971947), 0.21141625105501866, (0.435734, 0.001127, 0.659797, 1.0)
(-0.7498871033582317, -0.39393660789197377, 0.53149156266075), (-1.572480477130376, 0.714708489957858, -0.3266659277764343), 0.1712299379269715, (0.368733, 0.002724, 0.650601, 1.0)
(0.7498867483224617, 0.39393689724530345, -0.5314918491182234), (-1.5466761472717758, 0.728280230386139, -0.3450117987871929), 0.17123018243117652, (0.368733, 0.002724, 0.650601, 1.0)
(-0.7449844985250784, -0.36622368537719663, 0.5575646233631414), (-1.4291647696308527, 0.570655467631732, -0.13506256714955725), 0.23860583352924666, (0.477344, 0.00698, 0.659549, 1.0)
(0.7449846919232759, 0.3662239375646531, -0.5575641993121714), (-1.4035045930020937, 0.5832278919144571, -0.1543119236867452), 0.23860550030843558, (0.477344, 0.00698, 0.659549, 1.0)
(-0.22485245780293064, -0.35118954621577114, 0.9089044365876657), (-1.2861010181431962, 0.6886769962666768, 0.09147366926768417), 0.27823586271073636, (0.534952, 0.031217, 0.650165, 1.0)
(0.2248542073199862, 0.35119034111942476, -0.9089036966339848), (-1.2784327902234058, 0.7008325136156857, 0.06015685644551471), 0.2782347969101232, (0.534952, 0.031217, 0.650165, 1.0)
(0.1534572866835965, -0.330109233399963, 0.9313853956272867), (-1.0257722417139372, 0.5748005987506618, 0.0723847001369041), 0.27769650294592346, (0.534952, 0.031217, 0.650165, 1.0)
(-0.15345677672154762, 0.3301093766607642, -0.9313854288740375), (-1.0310997662066366, 0.5861966011358363, 0.040306058054442616), 0.2776962967509972, (0.534952, 0.031217, 0.650165, 1.0)
(0.21167967828443576, -0.36233754489242526, 0.9076911464604728), (-0.5948218948914069, 0.6319285217484235, -0.0685723912061804), 0.19452445973175914, (0.405503, 0.000678, 0.656977, 1.0)
(-0.21167918869392133, 0.3623382582689317, -0.9076909758659718), (-0.6021208777102429, 0.6444598374145543, -0.0998208079054776), 0.19452485626313884, (0.405503, 0.000678, 0.656977, 1.0)
(-0.3480872577227736, -0.4101279342472181, 0.8429889314582659), (-0.12158360573009253, 0.6375837907850868, -0.0495613026816364), 0.08487986550065614, (0.227983, 0.016007, 0.604867, 1.0)
(0.348087699844689, 0.4101276548747735, -0.8429888848162546), (-0.10957346972883346, 0.6517111298004193, -0.07858304522943536), 0.08487997184084202, (0.227983, 0.016007, 0.604867, 1.0)
(-0.41178905681590267, -0.46924701193672397, 0.7811766858241004), (0.08829554277981062, 0.7647232617448657, 0.11403835341841309), 0.04813416629459277, (0.16407, 0.020171, 0.577478, 1.0)
(0.4117893923826284, 0.46924687709414664, -0.781176589932479), (0.10249108444983872, 0.7809123992669518, 0.08716351100680891), 0.0481342053552951, (0.16407, 0.020171, 0.577478, 1.0)
(-0.34635430551094065, -0.27153831103412485, 0.8979452325697648), (0.3150374054014502, 0.6219737729848802, 0.18010275343736748), 0.004867308666221316, (0.063536, 0.028426, 0.533124, 1.0)
(0.34635411811084704, 0.27153826177247103, -0.897945319750174), (0.3269524869802015, 0.6312609727089096, 0.14916134866152567), 0.004867386950937979, (0.063536, 0.028426, 0.533124, 1.0)
(0.12224848451673566, -0.33196288148761705, 0.9353373473500348), (0.554954357448341, 0.722797681100695, 0.306738703215259), 0.3179453732402213, (0.589719, 0.072878, 0.630408, 1.0)
(-0.12224659558620536, 0.3319636277210262, -0.9353373293832972), (0.5506777712870653, 0.7342957214638702, 0.2745353851794786), 0.31794451128763584, (0.589719, 0.072878, 0.630408, 1.0)
(0.7152491215291135, -0.232312523549776, 0.6591278977207431), (0.7897646038776658, 0.5968655975840431, 0.16972686627812605), 0.7978672565591673, (0.98826, 0.652325, 0.211364, 1.0)
(-0.7152484683506709, 0.23231174354176415, -0.6591288814295767), (0.7650768894865062, 0.6049090438765544, 0.14700339377732718), 0.7978667409665539, (0.98826, 0.652325, 0.211364, 1.0)
(0.979918693042638, -0.15206058297824757, 0.12898423985093582), (0.9303189600696343, 0.6311886583235208, -0.2535997209978443), 0.07892371551907575, (0.221197, 0.016497, 0.602083, 1.0)
(-0.9799186617581869, 0.15206066493054515, -0.1289843809107317), (0.8965690684224602, 0.6364291829174782, -0.2580191242191001), 0.07892368440593903, (0.221197, 0.016497, 0.602083, 1.0)
(0.9536429494397671, -0.1294088133774543, 0.27169557229380986), (0.9822317394971982, 0.7455895806220295, -0.46292541687941624), 0.02273325902063773, (0.10598, 0.024309, 0.551368, 1.0)
(-0.9536429460454103, 0.1294088022398081, -0.2716955895127653), (0.9493943856947129, 0.7500315117043468, -0.47228897903056033), 0.02273326337986149, (0.10598, 0.024309, 0.551368, 1.0)
(-0.7877286744873948, -0.4068751129304754, 0.4625323533204405), (-1.685153128767581, 0.9565678117502602, -0.28044243059006513), 0.007521030851852756, (0.063536, 0.028426, 0.533124, 1.0)
(0.7877287249094731, 0.40687505404851865, -0.46253231924429977), (-1.6580369743585905, 0.9705958657136234, -0.2963651200458696), 0.007521001495218276, (0.063536, 0.028426, 0.533124, 1.0)
(-0.7622532644374642, 0.1288156378095522, 0.6343315318586548), (-1.5981146940631952, 1.1550928720985199, -0.07258964664803723), 0.3688355937432513, (0.65558, 0.129725, 0.592317, 1.0)
(0.7622533542496628, -0.12881594759634848, -0.6343313610251294), (-1.57183527024577, 1.1506571952002682, -0.09444310850783715), 0.3688356038414006, (0.65558, 0.129725, 0.592317, 1.0)
(-0.38653786681268526, 0.02926853011609341, 0.9218089990148405), (-1.3372054742949038, 1.0225902237258342, 0.1298512116960785), 0.13057292438015922, (0.30621, 0.008902, 0.633694, 1.0)
(0.38653813795768804, -0.029268439894495027, -0.9218088881814633), (-1.3239097920457452, 1.0215742807250663, 0.09809331451417515), 0.13057285435814409, (0.30621, 0.008902, 0.633694, 1.0)
(0.2770552636138707, 0.08625458250535886, 0.9569746746391332), (-0.7894507192396022, 1.0186273034814703, 0.09348658170254863), 0.12553323179566914, (0.299855, 0.009561, 0.631624, 1.0)
(-0.27705532985956155, -0.08625388496402027, -0.9569747183311705), (-0.7989852966004783, 1.0156782076820914, 0.06052092228403165), 0.12553339605984373, (0.299855, 0.009561, 0.631624, 1.0)
(0.06291887243864618, 0.3861220691645243, 0.9202993878054878), (-0.5758579598298075, 1.1372032472429554, 0.029913846183769004), 0.2186514901847287, (0.441732, 0.00154, 0.660069, 1.0)
(-0.06291886266868396, -0.3861224379786556, -0.920299233733191), (-0.578024128831821, 1.1238564224714747, -0.0017735713596445568), 0.21865171050527824, (0.441732, 0.00154, 0.660069, 1.0)
(-0.11524392673230885, -0.030764468461396875, 0.9928607076683044), (-0.384352423432116, 1.0145546516981503, 0.04812439183000976), 0.20116899220358395, (0.417642, 0.000564, 0.65839, 1.0)
(0.11524385258618283, 0.03076504616333747, -0.9928606983739774), (-0.3803844513998117, 1.0156558305488999, 0.013921242325114299), 0.20116925311017977, (0.417642, 0.000564, 0.65839, 1.0)
(-0.4175670527671913, 0.2317330721054061, 0.8785997608330611), (-0.18356424650449468, 1.1490451777095223, 0.08049954601394), 0.15397759914398523, (0.343925, 0.004991, 0.64471, 1.0)
(0.4175669871931881, -0.23173428727348885, -0.8785994714932693), (-0.16917421741495456, 1.1410312896733261, 0.050246898670389985), 0.15397806191213714, (0.343925, 0.004991, 0.64471, 1.0)
(-0.49008322527198245, -0.15854241454253334, 0.8571363573539713), (0.02290701433994109, 1.0382647900646829, 0.18173784790705344), 0.07660294450890513, (0.21435, 0.016973, 0.599239, 1.0)
(0.4900831973127053, 0.158542221245015, -0.8571364090939392), (0.039792104799128425, 1.0437518274802868, 0.15222816455949836), 0.07660287332536701, (0.21435, 0.016973, 0.599239, 1.0)
(-0.37337434136217057, 0.13720037375681546, 0.9174789690523459), (0.24818545651790208, 1.236306184560122, 0.298586583398653), 0.12894168604572567, (0.30621, 0.008902, 0.633694, 1.0)
(0.3733747009617846, -0.13720142921765446, -0.9174786648758275), (0.26105447665212805, 1.2316130298417929, 0.2669839809888742), 0.12894133078104192, (0.30621, 0.008902, 0.633694, 1.0)
(0.11313420774963573, -0.08826378117126875, 0.9896515325963036), (0.5733665359586675, 1.0637544727804544, 0.3876923410870726), 0.2532957984655344, (0.494877, 0.01199, 0.657865, 1.0)
(-0.11313318088749684, 0.0882636959751224, -0.9896516575821455), (0.5694395876371385, 1.0668144747239503, 0.35359904401014586), 0.25329544172982826, (0.494877, 0.01199, 0.657865, 1.0)
(0.7179197113358483, 0.1684000227482673, 0.6754500132606669), (0.9128351432466686, 1.2445890593755276, 0.24784825620912201), 0.1051143568112297, (0.261183, 0.013308, 0.617911, 1.0)
(-0.717919490769099, -0.16839927337490368, -0.6754504345254669), (0.8880833082795977, 1.2387900423945406, 0.22461182748681238), 0.10511416967438296, (0.261183, 0.013308, 0.617911, 1.0)
(0.959819346554278, -0.23365301244730918, 0.15541264991761938), (0.9939649687300964, 1.017103184554775, -0.02871139324618658), 0.007505992482164376, (0.063536, 0.028426, 0.533124, 1.0)
(-0.9598192798143286, 0.23365326010862697, -0.15541268975638375), (0.9609146912628156, 1.0251432605138646, -0.03406303215674959), 0.007505967565728675, (0.063536, 0.028426, 0.533124, 1.0)
(0.9295452500831215, -0.25168071938671105, 0.2694484060759957), (1.0450773090687244, 0.9701155470675175, -0.46728357875157495), 0.06147821087303803, (0.186213, 0.018803, 0.587228, 1.0)
(-0.9295452404537335, 0.2516807394832198, -0.26944842052420764), (1.0130717435849315, 0.9787952166445785, -0.47657053071731986), 0.061478217616893954, (0.186213, 0.018803, 0.587228, 1.0)
(-0.5521498818479745, 0.6094595408300224, 0.5689372338549534), (-1.5391645827251204, 1.4340999559054837, -0.20367196831651904), 0.4254918897505425, (0.719181, 0.191729, 0.542663, 1.0)
(0.5521488004058175, -0.6094600620369818, -0.5689377250563502), (-1.5200860850117464, 1.4130987609334678, -0.2232468170713904), 0.42549109340265157, (0.719181, 0.191729, 0.542663, 1.0)
(-0.27412694603217896, 0.8269740393616198, 0.4908852775150186), (-1.2677461607995828, 1.5301587726880628, -0.21095618770903302), 0.05825352151895353, (0.17895, 0.019252, 0.584054, 1.0)
(0.27412645272104824, -0.8269741279267248, -0.4908854037944173), (-1.2582816755518402, 1.5016748131733804, -0.22783838864051698), 0.05825335308543739, (0.17895, 0.019252, 0.584054, 1.0)
(0.11339827924910362, 0.8759726444927352, 0.4688419311065796), (-1.039811913302669, 1.4382661403085089, -0.07603607157926029), 0.27306178102378253, (0.523633, 0.024532, 0.652901, 1.0)
(-0.11339895022379189, -0.8759721160622418, -0.4688427561236071), (-1.0437469856959052, 1.4080574574134046, -0.09213621435358262), 0.27306133524769843, (0.523633, 0.024532, 0.652901, 1.0)
(0.09461678652735254, 0.795737798806876, 0.598204830519802), (-0.5869284785803544, 1.3147491105913565, -0.12523242827024894), 0.23138481830447719, (0.46555, 0.004545, 0.660139, 1.0)
(-0.09461711245545265, -0.7957374759598198, -0.5982052084224003), (-0.5901869697820621, 1.2873241636419541, -0.14582986328275593), 0.23138471852531053, (0.46555, 0.004545, 0.660139, 1.0)
(-0.14780290282660447, 0.6399397289411963, 0.7540765513120652), (-0.35231181593701016, 1.374634160230053, -0.2522188489582975), 0.15019576338938354, (0.337683, 0.005618, 0.643049, 1.0)
(0.14780212697286169, -0.6399390244976182, -0.7540773012014981), (-0.3472695664673751, 1.352584855809001, -0.2781976787052279), 0.1501961687836079, (0.337683, 0.005618, 0.643049, 1.0)
(-0.4774641952881113, 0.6002708604109359, 0.6416407377648267), (-0.16365232344452355, 1.3493832080359838, -0.06559356573335574), 0.11190855235641865, (0.274191, 0.012109, 0.622722, 1.0)
(0.4774642897364699, -0.6002711829478861, -0.6416403657414281), (-0.1472000899607138, 1.3287358677014416, -0.08771294789362785), 0.11190837027790215, (0.274191, 0.012109, 0.622722, 1.0)
(-0.46790961096607475, 0.6122429649087874, 0.6373532363495723), (0.2567833498096337, 1.5136095552759585, 0.1159806539538605), 0.13891169684407853, (0.318856, 0.007576, 0.63764, 1.0)
(0.46790951558214283, -0.6122435321360054, -0.6373527614950081), (0.27292662341195106, 1.4925561758330217, 0.09401306538583176), 0.13891136526936604, (0.318856, 0.007576, 0.63764, 1.0)
(-0.3559479862818513, 0.7455879732562248, 0.5633822904543327), (0.5180845697636216, 1.679976275197143, 0.03624438294159217), 0.15548077806633764, (0.343925, 0.004991, 0.64471, 1.0)
(0.3559472287950858, -0.7455883514559387, -0.563382268523171), (0.530372460518753, 1.6542936601659168, 0.016855255818362537), 0.15548055292623117, (0.343925, 0.004991, 0.64471, 1.0)
(0.3872985103496104, 0.6619846794819239, 0.6416978634935506), (0.8570540232148619, 1.6007564736250752, 0.09829538425154954), 0.2492256146155609, (0.489055, 0.010127, 0.658534, 1.0)
(-0.3872990850077813, -0.6619843164993171, -0.6416978911147108), (0.8437380703626292, 1.5779138537737973, 0.07620436205873857), 0.24922527791114457, (0.489055, 0.010127, 0.658534, 1.0)
(0.7957141830094301, 0.4994488654032132, 0.342621905028091), (1.0386539295084272, 1.6486307404569893, -0.19192542494473164), 0.3068948372620875, (0.573632, 0.060028, 0.637349, 1.0)
(-0.7957147496821105, -0.4994479930451779, -0.34262186062987876), (1.011226709254712, 1.6314124478425414, -0.2037046186067424), 0.30689481950095765, (0.573632, 0.060028, 0.637349, 1.0)
(0.9424833846344196, 0.07259812886730435, 0.32627378284657627), (1.140974714538505, 1.3722110860670778, -0.3423388987947402), 0.07712299668160578, (0.21435, 0.016973, 0.599239, 1.0)
(-0.9424834009734597, -0.07259740552365399, -0.3262738965972223), (1.1085177771054664, 1.3696850166211758, -0.3535729768765396), 0.07712278028894246, (0.21435, 0.016973, 0.599239, 1.0)
(-0.3716247920578148, 0.7790369849976815, 0.5049716724071838), (0.09245654372827213, 1.612698654457676, -0.33479805099307947), 0.3176608585651126, (0.589719, 0.072878, 0.630408, 1.0)
(0.3716246506113086, -0.7790366580344367, -0.5049722809190214), (0.10523331140491395, 1.5858666341329144, -0.3522433251319173), 0.31766125174386717, (0.589719, 0.072878, 0.630408, 1.0)
(-0.5260103420482471, 0.6862898161905937, 0.5023140534081914), (0.2793894375841932, 1.762049706705526, -0.3856029170140834), 0.034152000620735944, (0.132381, 0.022258, 0.56325, 1.0)
(0.5260103864930507, -0.6862898306036339, -0.5023139871748217), (0.29751572937240395, 1.738441312860094, -0.40291915694031194), 0.0341519854285446, (0.132381, 0.022258, 0.56325, 1.0)
(-0.12925114611554456, 0.9126469724854106, 0.38777525042353134), (0.7010958858922869, 1.9168778336895773, -0.3857899703963978), 0.27484997510453235, (0.529306, 0.027747, 0.651586, 1.0)
(0.12925006034783224, -0.9126470052454112, -0.38777553522194286), (0.7055915568672013, 1.8854251684004373, -0.3991238378360578), 0.2748493803221152, (0.529306, 0.027747, 0.651586, 1.0)
(0.45172822039448146, 0.8402679770124687, 0.29981884815102633), (0.9593506273505122, 1.8591679293350698, -0.36582023596694185), 1.0, (0.940015, 0.975158, 0.131326, 1.0)
(-0.45172822718036054, -0.8402673745974183, -0.29982052624136746), (0.9437457043388883, 1.8301246746042032, -0.3760568459830007), 0.9999976469177683, (0.940015, 0.975158, 0.131326, 1.0)
