(-0.683266929168416, -0.5784553056265945, 0.4455735213151763), (-1.602481897540016, -1.138497085372401, -0.40820931144422606), 0.07103561446397658, (0.207435, 0.017442, 0.596333, 1.0)
(0.6832671346705612, 0.5784547901820115, -0.4455738753501669), (-1.5789673552669126, -1.1185446035424504, -0.4235432273132507), 0.07132246564096269, (0.207435, 0.017442, 0.596333, 1.0)
(-0.3332161346705135, -0.8585795503575626, 0.3896256707444312), (-1.3684373071547846, -1.326483652349119, -0.38272354499551875), 0.0207584147636912, (0.10598, 0.024309, 0.551368, 1.0)
(0.3332168524103081, 0.8585793483780261, -0.3896255019997167), (-1.3569794909181527, -1.2969009643467486, -0.3961144678223679), 0.020514170657817504, (0.10598, 0.024309, 0.551368, 1.0)
(0.12355420236953985, -0.9219302380594627, 0.3671225888289214), (-1.1406603854112363, -1.2653351359892298, -0.18711559159739818), 0.04668872577543684, (0.156421, 0.020651, 0.574065, 1.0)
(-0.12355346022793531, 0.9219302971950658, -0.3671226900908219), (-1.1449712432047077, -1.233574204720952, -0.19971001310620254), 0.0466299842431646, (0.156421, 0.020651, 0.574065, 1.0)
(0.48356078506140177, -0.7698185362223326, 0.41659139266108947), (-0.8627907827447472, -1.2133654561650624, -0.3158464923509088), 0.02507103672532137, (0.115124, 0.023556, 0.555468, 1.0)
(-0.48356098770314, 0.769818454891778, -0.41659130773409), (-0.8794424698085302, -1.1868753600410173, -0.33022589344785536), 0.02489253824243626, (0.115124, 0.023556, 0.555468, 1.0)
(0.5581855004405909, -0.7743690265245505, 0.297962343018891), (-0.6468818292269315, -1.0674378440536414, -0.22508364564275832), 0.04830560074816963, (0.16407, 0.020171, 0.577478, 1.0)
(-0.5581856215464251, 0.7743688214338565, -0.2979626491524918), (-0.6660884977235737, -1.0407646406439506, -0.23536045491971264), 0.04832147684929173, (0.16407, 0.020171, 0.577478, 1.0)
(0.39007769134015347, -0.8452351696736581, 0.36526278576591753), (-0.4463367626993483, -1.002812736100122, -0.40753691533543523), 0.01276815241742872, (0.086222, 0.026125, 0.542658, 1.0)
(-0.3900776785179949, 0.8452351199627749, -0.3652629144924587), (-0.45976233944405376, -0.9737082178552374, -0.4201205183711438), 0.012887478909913215, (0.086222, 0.026125, 0.542658, 1.0)
(0.1939771711373924, -0.9534144481943567, 0.2310275893736184), (-0.21462487878115358, -0.9102507025026779, -0.3027346875047594), 0.044050968561289705, (0.156421, 0.020651, 0.574065, 1.0)
(-0.19397724029354038, 0.9534144200037626, -0.2310276476463167), (-0.22131834523916002, -0.8774257499899083, -0.3107129559206279), 0.04408469751045899, (0.156421, 0.020651, 0.574065, 1.0)
(-0.21926140479979556, -0.9701216315797636, 0.10386749398265814), (0.2550412003490981, -0.9503875101605807, -0.3178749852855328), 0.02985907375834429, (0.123903, 0.022878, 0.559423, 1.0)
(0.21926135861796792, 0.9701216566471267, -0.10386735734212867), (0.26256354071447946, -0.9169743548474549, -0.32145095452359457), 0.029909883203998792, (0.123903, 0.022878, 0.559423, 1.0)
(-0.2769214005655277, -0.9395302475458319, 0.20148809358196457), (0.46994408744761595, -1.04647698582257, -0.47202888471994764), 0.02023926350980323, (0.10598, 0.024309, 0.551368, 1.0)
(0.27692140221779765, 0.9395302343374305, -0.20148815290131003), (0.4794776772370563, -1.014128220252981, -0.47898574172628305), 0.02030734715915775, (0.10598, 0.024309, 0.551368, 1.0)
(0.38713535408767336, -0.8955171242334704, 0.21948871911792392), (1.1250444504368786, -1.165509793545831, -0.566832444275134), 0.01904995592417095, (0.096379, 0.025165, 0.547103, 1.0)
(-0.38713468924856326, 0.8955174427222978, -0.2194885923243716), (1.111704762615485, -1.1346763950812595, -0.5743871231793024), 0.01899304836684606, (0.096379, 0.025165, 0.547103, 1.0)
(-0.7890069522417067, 0.07721001935521676, 0.6095134471243602), (-1.6638830904172766, -0.6558496213377801, -0.39665536181735583), 0.04723838014429603, (0.16407, 0.020171, 0.577478, 1.0)
(0.7890068916700014, -0.07720999763270045, -0.6095135282853049), (-1.6367370454859436, -0.6585175526919953, -0.4176776070110965), 0.04715173527447164, (0.16407, 0.020171, 0.577478, 1.0)
(-0.8263203557554663, -0.31564981081003585, 0.4664331319704343), (-1.48744093299508, -0.8568948477514505, 0.019221356315924268), 0.045685647422595774, (0.156421, 0.020651, 0.574065, 1.0)
(0.8263206055144373, 0.31564848380030536, -0.46643358753076714), (-1.4589799488349244, -0.8459780680286392, 0.0031980697402000558), 0.04565236426420908, (0.156421, 0.020651, 0.574065, 1.0)
(-0.3515034359477828, -0.7771725503066396, 0.5219656708700073), (-1.2428351470288097, -1.0890977718753854, 0.1021993988806222), 0.03258880739360557, (0.132381, 0.022258, 0.56325, 1.0)
(0.35150422667952036, 0.7771721002017355, -0.5219658085492342), (-1.2307281855065413, -1.0623125816492682, 0.08426029223176945), 0.03268749070762816, (0.132381, 0.022258, 0.56325, 1.0)
(0.28849376485344824, -0.5838754659177186, 0.7588549189008729), (-0.36556367116539346, -0.8059176730042201, 0.1219275465071326), 0.039266334987915236, (0.148607, 0.021154, 0.570562, 1.0)
(-0.2884944558003806, 0.5838761783443969, -0.7588541080697819), (-0.3755227075825322, -0.7859238753822964, 0.09571732440979284), 0.03915982587864171, (0.148607, 0.021154, 0.570562, 1.0)
(0.12587847267334695, -0.8971212783670239, 0.4234713945693877), (-0.1850860352708579, -0.8600023439245102, -0.03589634630940974), 0.028965059504048856, (0.123903, 0.022878, 0.559423, 1.0)
(-0.1258788336615167, 0.8971213202491382, -0.4234711985371138), (-0.18939335038746513, -0.82910249571808, -0.0504720048244943), 0.028755119354453573, (0.123903, 0.022878, 0.559423, 1.0)
(-0.12721527166834554, -0.8618305322604782, 0.4909831039027412), (0.031659998032808015, -0.7767768355149888, 0.061186987662540056), 0.025322094707889067, (0.115124, 0.023556, 0.555468, 1.0)
(0.12721554964953885, 0.8618299357410919, -0.4909840789555919), (0.03603652657638753, -0.7471085689474387, 0.04426323290492982), 0.02548715608484799, (0.115124, 0.023556, 0.555468, 1.0)
(-0.21299567227030264, -0.9743136460049592, 0.0731147235695021), (0.525475020871215, -0.9659107468027492, 0.1150588348451336), 0.04116404065070266, (0.148607, 0.021154, 0.570562, 1.0)
(0.2129959743021562, 0.9743135311792782, -0.07311537384189858), (0.5328595804267391, -0.9323656561865468, 0.11258762720298729), 0.041092219030613275, (0.148607, 0.021154, 0.570562, 1.0)
(0.0035489678883791013, -0.96198224692442, 0.2730889258633011), (0.7913809347722353, -1.081258135409872, -0.08720503250452581), 0.02859455293282297, (0.123903, 0.022878, 0.559423, 1.0)
(-0.003548670863681177, 0.9619822930597373, -0.27308876720698544), (0.7912138764737681, -1.0481300700309277, -0.09660216098350646), 0.028662285754858758, (0.123903, 0.022878, 0.559423, 1.0)
(0.6534707092471365, -0.6727986627664448, 0.34686883909588684), (1.1426553594584983, -1.0133588333433003, -0.06654618528703918), 0.02421164437720491, (0.115124, 0.023556, 0.555468, 1.0)
(-0.6534697555569422, 0.6727994653237083, -0.34686907909538767), (1.120122800048265, -0.9902043258262346, -0.07845910014793851), 0.024191801325783413, (0.115124, 0.023556, 0.555468, 1.0)
(0.7284804581867994, -0.6497501241914694, 0.2171197783554525), (1.2561608813409497, -1.034078251029103, -0.3832475209087078), 0.015522664641304397, (0.086222, 0.026125, 0.542658, 1.0)
(-0.728480005225339, 0.649750675515829, -0.2171196482440356), (1.231050003601883, -1.0117220048203273, -0.3906861618508506), 0.015492468304416054, (0.086222, 0.026125, 0.542658, 1.0)
(0.9361742523313098, -0.08592719718814464, 0.34087282974051014), (1.419882692896664, -0.8098573510401869, -0.4905446494256346), 0.018909401910532864, (0.096379, 0.025165, 0.547103, 1.0)
(-0.9361741385602461, 0.0859278118746717, -0.34087298725098775), (1.3876433211908572, -0.8069361671827343, -0.5022838482021105), 0.01888853094690959, (0.096379, 0.025165, 0.547103, 1.0)
(-0.8024723603884536, 0.12268115618469959, 0.5839413024694942), (-1.5772191794060653, -0.45288191714739484, -0.3818895021046101), 0.01822795249797529, (0.096379, 0.025165, 0.547103, 1.0)
(0.8024723896919534, -0.1226809351858507, -0.5839413086295665), (-1.5495847924174095, -0.45704881917833556, -0.40200648488476415), 0.01821906463237028, (0.096379, 0.025165, 0.547103, 1.0)
(-0.9217144212838421, 0.29124840582922557, 0.2561579428776837), (-1.4715919770042525, -0.3617337878557886, -0.18393548771619048), 0.02925998515961551, (0.123903, 0.022878, 0.559423, 1.0)
(0.9217144274959473, -0.29124840855147877, -0.2561579174299496), (-1.439861355245316, -0.37179940291811914, -0.1927478676002504), 0.02915770238373085, (0.123903, 0.022878, 0.559423, 1.0)
(-0.8677473216728933, 0.067205640352772, 0.4924408468377641), (-1.4060948205888617, -0.5373549865647187, 0.07436462737036055), 0.04484052681656253, (0.156421, 0.020651, 0.574065, 1.0)
(0.8677472651980274, -0.06720530201367747, -0.4924409925286428), (-1.3761949319822904, -0.5396596334261267, 0.057434624400420686), 0.0448278473406399, (0.156421, 0.020651, 0.574065, 1.0)
(-0.45913461558488844, 0.3656028344565072, 0.8096480545330079), (-1.1554398486322344, -0.3652770168286717, 0.25270479947224617), 0.031503949064376716, (0.132381, 0.022258, 0.56325, 1.0)
(0.459134012161567, -0.3656029011598228, -0.8096483666011701), (-1.139595940255625, -0.3778612306343437, 0.22484022225595418), 0.0315190318601176, (0.132381, 0.022258, 0.56325, 1.0)
(0.2657190687090489, 0.34321594144984224, 0.9008863380355451), (-0.591061929616381, -0.43614453533718334, 0.2556652740889019), 0.036099088694894595, (0.140603, 0.021687, 0.566959, 1.0)
(-0.26571919354868834, -0.3432159294024505, -0.9008863058034831), (-0.6002079759608151, -0.4479767451332557, 0.22464571652745277), 0.0360790225212586, (0.140603, 0.021687, 0.566959, 1.0)
(0.2874298757914007, -0.0292815090379316, 0.9573539887267413), (-0.3540867885790798, -0.5822687138417444, 0.21436201740609032), 0.05095726423641725, (0.171574, 0.019706, 0.580806, 1.0)
(-0.28743025232163677, 0.029282962450214247, -0.9573538312246206), (-0.36400348666388255, -0.5812713439097904, 0.18139754341202372), 0.05120117636103289, (0.171574, 0.019706, 0.580806, 1.0)
(-0.021369796152321558, 0.039394341010035576, 0.9989952040469431), (-0.14240006486292744, -0.4801281934425678, 0.19596252468461953), 0.04745025565411578, (0.16407, 0.020171, 0.577478, 1.0)
(0.021369633634880824, -0.03939464607788137, -0.9989951954933064), (-0.14170953889439739, -0.48155224323110934, 0.16156103232151878), 0.04744880178108021, (0.16407, 0.020171, 0.577478, 1.0)
(-0.293497050270885, -0.37971060832108744, 0.8773137041051617), (0.009806362639472608, -0.6205314409028535, 0.22067521053032532), 0.015990873701310547, (0.096379, 0.025165, 0.547103, 1.0)
(0.29349631124181935, 0.37970991906075924, -0.877314249658762), (0.01989123920679921, -0.6075125353529317, 0.1904344846248773), 0.016121763810088827, (0.096379, 0.025165, 0.547103, 1.0)
(-0.577689008742103, -0.045363979338559346, 0.8149954101448285), (0.23363820064308843, -0.5048887984485826, 0.31743586342062474), 0.026590720097065333, (0.115124, 0.023556, 0.555468, 1.0)
(0.577689157959689, 0.04536299220355971, -0.8149953593206314), (0.25353871745202766, -0.5033408983029833, 0.2893759826598405), 0.026579075689945646, (0.115124, 0.023556, 0.555468, 1.0)
(0.3139280113836666, -0.003351157462201296, 0.9494408741003096), (0.9792571220095403, -0.5052767106507351, 0.524779868602082), 0.02294481001428954, (0.10598, 0.024309, 0.551368, 1.0)
(-0.3139286533978206, 0.003351237962208191, -0.9494406615370714), (0.968463543909073, -0.5051815311543717, 0.49208060200186615), 0.022829813407075187, (0.10598, 0.024309, 0.551368, 1.0)
(0.8413186300368591, 0.5312050352751293, 0.10002086407970759), (1.2785317284363062, -0.4199308705553572, -0.15220720369867932), 0.02115494830843353, (0.10598, 0.024309, 0.551368, 1.0)
(-0.8413186758119008, -0.5312049938655206, -0.10002069896997406), (1.2495741414929926, -0.43824642010732956, -0.15563306054685697), 0.021075521049502513, (0.10598, 0.024309, 0.551368, 1.0)
(-0.8818542002191346, 0.2644041183273629, 0.390414692048596), (-1.4374279074940588, 0.038469553707650594, -0.38501200037574723), 0.06384346922805365, (0.193374, 0.018354, 0.59033, 1.0)
(0.8818540478455256, -0.2644042271365297, -0.39041496253447544), (-1.4070548596892953, 0.02935904898316089, -0.3984498636961143), 0.06361381935593785, (0.193374, 0.018354, 0.59033, 1.0)
(-0.8999791562644087, 0.2969738288684041, 0.31913016663556437), (-1.369354060910664, -0.10839255636033616, -0.19829773608577314), 0.01654824635359245, (0.096379, 0.025165, 0.547103, 1.0)
(0.8999791114815338, -0.2969744096308022, -0.3191297524853262), (-1.3383574401062346, -0.11861497486796488, -0.20927087420586246), 0.016558448265807338, (0.096379, 0.025165, 0.547103, 1.0)
(-0.7763097680490254, 0.29573421370159597, 0.5566726316947573), (-1.237879471965979, 0.030403626863066986, -0.018752150174309496), 0.051333629159647634, (0.171574, 0.019706, 0.580806, 1.0)
(0.776309413216073, -0.2957342994849818, -0.5566730809552798), (-1.2110998028635427, 0.020266993549665088, -0.03788581844436059), 0.05126147896175902, (0.171574, 0.019706, 0.580806, 1.0)
(-0.3650656199142958, 0.386637287797855, 0.8468994632427803), (-1.0819353888541894, -0.08582420469213682, 0.15716861615513533), 0.018426477232093806, (0.096379, 0.025165, 0.547103, 1.0)
(0.3650643987162105, -0.38663768596170295, -0.8468998078782113), (-1.0693287752477034, -0.09918819362108369, 0.12804481780178506), 0.018304877720159953, (0.096379, 0.025165, 0.547103, 1.0)
(0.15816595024708885, 0.34592587645626854, 0.9248344825861532), (-0.8402197286562263, -0.006431746184682244, 0.1129593115529428), 0.03593967420928537, (0.140603, 0.021687, 0.566959, 1.0)
(-0.1581658450942776, -0.3459260054336911, -0.9248344523266327), (-0.845623467338651, -0.01827666763089242, 0.08107879669029938), 0.03582100416666469, (0.140603, 0.021687, 0.566959, 1.0)
(0.2799009624411569, 0.5930340067290713, 0.7549610043488192), (-0.6267706865425344, -0.17129528897115828, 0.11705882179363475), 0.042993366965989155, (0.156421, 0.020651, 0.574065, 1.0)
(-0.2799014644656635, -0.5930338967277692, -0.7549609046313951), (-0.6364331546761611, -0.19173491933443573, 0.09108224273939217), 0.043046026790135694, (0.156421, 0.020651, 0.574065, 1.0)
(-0.28203984449226066, 0.4673283608631596, 0.8378888525644281), (0.10401440768969256, -0.08022622281899006, 0.1022493177000687), 0.019270957618676216, (0.096379, 0.025165, 0.547103, 1.0)
(0.2820394511315177, -0.4673283817189582, -0.8378889733403656), (0.11369983010715884, -0.09636345976681647, 0.07341348510407293), 0.019068649832288894, (0.096379, 0.025165, 0.547103, 1.0)
(-0.5532119330031311, 0.31343571131605286, 0.7718255062219306), (0.2795576644060105, -0.19406945754835575, 0.23219669562136), 0.04237872873415052, (0.148607, 0.021154, 0.570562, 1.0)
(0.5532121716925121, -0.31343598043174037, -0.7718252258523609), (0.2986227110487872, -0.20484676209522382, 0.20562054444747613), 0.0423746088007946, (0.148607, 0.021154, 0.570562, 1.0)
(-0.3995010869434928, 0.36140923056336155, 0.8424857563155397), (0.5387334534488659, 0.015244395961178466, 0.2862046215173024), 0.1467370649502122, (0.331426, 0.006261, 0.641316, 1.0)
(0.3995004226180485, -0.361409959688783, -0.8424857585536702), (0.5525514491829914, 0.0028451033059925268, 0.2571851040950785), 0.1467161200832537, (0.331426, 0.006261, 0.641316, 1.0)
(0.297068683211818, 0.491833615607957, 0.8184435790039536), (0.8876046301469723, -0.10860988183889846, 0.3259940356924917), 0.031171543105531444, (0.123903, 0.022878, 0.559423, 1.0)
(-0.2970693022190589, -0.4918343300276757, -0.8184429250016819), (0.8774545373183148, -0.12558901601592165, 0.29780689923493736), 0.031087041904736667, (0.123903, 0.022878, 0.559423, 1.0)
(0.7691115603391397, 0.6180544697159911, 0.16271472034446874), (1.1280975785452274, -0.1413595115557231, -0.17546463174303495), 0.022145599983340546, (0.10598, 0.024309, 0.551368, 1.0)
(-0.7691114876211462, -0.6180545993439817, -0.16271457168593625), (1.1016175183757457, -0.16264727036648938, -0.18106667041089153), 0.02206450385069125, (0.10598, 0.024309, 0.551368, 1.0)
(0.7894258796574877, 0.5351954244202408, 0.3006204221383503), (1.1112978433238139, -0.032088719962263285, -0.44922253266889633), 0.018733393360635783, (0.096379, 0.025165, 0.547103, 1.0)
(-0.7894258788506864, -0.5351953208054204, -0.30062060872269647), (1.0841102164057903, -0.050504886226279515, -0.4595856726949772), 0.018789612097570768, (0.096379, 0.025165, 0.547103, 1.0)
(-0.8047340556640655, -0.3259687968699005, 0.49613248545288197), (-1.3399289355698458, 0.34391249193813694, -0.16955788027884636), 0.017195195872570644, (0.096379, 0.025165, 0.547103, 1.0)
(0.804734308299289, 0.32596866485835707, -0.4961321624088937), (-1.3122265068514982, 0.3552252347000325, -0.18659636677399308), 0.017089637612579242, (0.096379, 0.025165, 0.547103, 1.0)
(-0.5634208167722294, -0.01410414349590376, 0.8260496694291213), (-1.204977644553689, 0.26410995292072803, -0.030003844414219952), 0.016303601729484137, (0.096379, 0.025165, 0.547103, 1.0)
(0.5634211655732999, 0.014104635087271429, -0.8260494231298022), (-1.1855788615960559, 0.2645854041156801, -0.05844952264038936), 0.01622481942961154, (0.096379, 0.025165, 0.547103, 1.0)
(-0.12744448474597805, -0.05812069642338196, 0.9901413474626202), (-1.0524761095649646, 0.3558668794033566, 0.03182829766618146), 0.02431000103240055, (0.115124, 0.023556, 0.555468, 1.0)
(0.12744463304366185, 0.05812067578747064, -0.9901413295860213), (-1.0480830717849627, 0.3579171822682613, -0.002263699774358813), 0.024442163910071042, (0.115124, 0.023556, 0.555468, 1.0)
(0.2530828772732377, 0.10852422989776923, 0.9613384153128364), (-0.834221045629456, 0.26024715098878826, 0.011374944238182486), 0.022816458359077797, (0.10598, 0.024309, 0.551368, 1.0)
(-0.25308275912332573, -0.10852437444895123, -0.9613384300988849), (-0.8429497845554913, 0.2564850256015165, -0.021721994999724565), 0.02278852262403035, (0.10598, 0.024309, 0.551368, 1.0)
(0.39513703810388157, -0.14285653334860338, 0.9074462694827232), (-0.619768105254206, 0.39099803739468086, -0.09519249887785643), 0.01827758506193481, (0.096379, 0.025165, 0.547103, 1.0)
(-0.39513706531481235, 0.14285688788816742, -0.9074462018198682), (-0.6334081636794706, 0.3959425100013355, -0.12642093773563529), 0.01822774750288567, (0.096379, 0.025165, 0.547103, 1.0)
(0.3523799016175337, 0.11892936849690504, 0.9282694707060792), (-0.3808591231341497, 0.20852319105405126, -0.17954875392074268), 0.016417177182566477, (0.096379, 0.025165, 0.547103, 1.0)
(-0.35238057432857095, -0.11892909189186657, -0.9282692507767573), (-0.39301934832125784, 0.20439150740818204, -0.21149804796289906), 0.01651081089327097, (0.096379, 0.025165, 0.547103, 1.0)
(-0.5604333146717678, 0.19854064962211457, 0.804049818266035), (0.15889763658862485, 0.17989610923853366, 0.03349104152836909), 0.011316705583496886, (0.075353, 0.027206, 0.538007, 1.0)
(0.5604333459420419, -0.1985405107462773, -0.8040498307622576), (0.17821247121743694, 0.17305024435039934, 0.005819308242663963), 0.01124972182097808, (0.075353, 0.027206, 0.538007, 1.0)
(-0.43266614661357106, 0.02909649889595704, 0.9010845683544699), (0.3645077704664448, 0.33801156708438346, 0.14568501619124768), 0.008349192471906373, (0.075353, 0.027206, 0.538007, 1.0)
(0.4326658950399998, -0.029096216969963014, -0.9010846982538727), (0.37940564438646707, 0.33706334678356614, 0.1146562416339992), 0.008297756910916025, (0.075353, 0.027206, 0.538007, 1.0)
(0.033812962721065994, 0.2813379388382696, 0.959012850655432), (0.547652039839788, 0.28291549313667586, 0.21182636654859544), 0.02093824344170216, (0.10598, 0.024309, 0.551368, 1.0)
(-0.033812230181632125, -0.2813365804024324, -0.9590132749955081), (0.5464805637994323, 0.2733132157578407, 0.17877841445115886), 0.02097066700892654, (0.10598, 0.024309, 0.551368, 1.0)
(0.44526713649534916, 0.021397701060030548, 0.8951420644493128), (0.7167612878848438, 0.3582206897915537, 0.13551107181647715), 0.023952891518771724, (0.115124, 0.023556, 0.555468, 1.0)
(-0.44526742386805196, -0.02139702203331621, -0.8951419377339073), (0.7014497935993586, 0.3575784532019607, 0.10467415665231358), 0.02379257021894038, (0.115124, 0.023556, 0.555468, 1.0)
(0.7685398576103847, 0.3599841589355867, 0.5289214427300597), (0.8812637934702447, 0.2551923752501919, -0.010035767844436985), 0.026313869213441178, (0.115124, 0.023556, 0.555468, 1.0)
(-0.7685402896454027, -0.35998404105499915, -0.5289208951983965), (0.8548153181399816, 0.2427455869436476, -0.028238479169242832), 0.026138175342389162, (0.115124, 0.023556, 0.555468, 1.0)
(0.9365630010377631, 0.14531003244324597, 0.31895883677754033), (0.9374184020500301, 0.3637901959440404, -0.23273929970278512), 0.019666952973915124, (0.10598, 0.024309, 0.551368, 1.0)
(-0.9365630984950164, -0.14531003139842263, -0.3189585510883876), (0.9051656346277023, 0.3588227788528256, -0.2437306048217444), 0.019511868479451352, (0.096379, 0.025165, 0.547103, 1.0)
(-0.7229986952931368, -0.34494454938373637, 0.5985700831605879), (-1.602169883387359, 0.7514959390784542, -0.29750014388274926), 0.03392026678305192, (0.132381, 0.022258, 0.56325, 1.0)
(0.722998636004023, 0.34494460353632816, -0.5985701235673958), (-1.5772837133530673, 0.763362459363493, -0.31813293245516017), 0.03425112417032935, (0.132381, 0.022258, 0.56325, 1.0)
(-0.774337163809777, -0.4145969307480478, 0.47802859930900465), (-1.4345148777259433, 0.5968239700194558, -0.11751988913305449), 0.04336866672787141, (0.156421, 0.020651, 0.574065, 1.0)
(0.7743372494754237, 0.41459702598762294, -0.4780283779411572), (-1.4078438719272657, 0.6110708476972391, -0.1340005239463913), 0.04337096646667192, (0.156421, 0.020651, 0.574065, 1.0)
(0.21337130256919312, -0.367271556918754, 0.905308947662841), (-1.0327892759795834, 0.5884095846787343, 0.07637915796560754), 0.07589486910525789, (0.21435, 0.016973, 0.599239, 1.0)
(-0.2133707673577234, 0.3672718538666478, -0.9053089533383242), (-1.0401727944544594, 0.6010645901246503, 0.04520964748319952), 0.07578774303731324, (0.21435, 0.016973, 0.599239, 1.0)
(0.19235122120267686, -0.3453304421788408, 0.9185575068586644), (-0.5981364804114504, 0.6291424791373064, -0.05015949290978442), 0.033679888530737834, (0.132381, 0.022258, 0.56325, 1.0)
(-0.192350869437757, 0.3453307517955876, -0.9185574641201458), (-0.6047586833540978, 0.6410689095216704, -0.08177833594863249), 0.03358554673430959, (0.132381, 0.022258, 0.56325, 1.0)
(-0.43412030068146307, -0.5100734624572182, 0.7425393103621795), (0.09096453071859407, 0.7574731902334685, 0.11409836112750847), 0.051831300819700096, (0.171574, 0.019706, 0.580806, 1.0)
(0.43412066780068637, 0.5100732833536508, -0.7425392187602702), (0.10592350478986913, 0.7750555017544728, 0.08854273332356481), 0.05182588134640198, (0.171574, 0.019706, 0.580806, 1.0)
(-0.5381328981383949, -0.30433111204186397, 0.7859997189468545), (0.32433026975643925, 0.6014745134907374, 0.17493404391331038), 0.02822959334723633, (0.123903, 0.022878, 0.559423, 1.0)
(0.5381334129062095, 0.30433051052802773, -0.7859995994118986), (0.34288825464434186, 0.611924179316618, 0.14787476281018075), 0.028260310835539888, (0.123903, 0.022878, 0.559423, 1.0)
(0.7692462255747374, -0.42116828694734715, 0.4804971576490933), (0.7868167943836882, 0.590208109525944, 0.1584725878731686), 0.04140665736107974, (0.148607, 0.021154, 0.570562, 1.0)
(-0.7692457022330339, 0.42116783953071435, -0.4804983876570629), (0.760334166955358, 0.6047657886334564, 0.14196023663884605), 0.04135668942461446, (0.148607, 0.021154, 0.570562, 1.0)
(0.9728331320475463, -0.1710752378332696, 0.1559774348771375), (0.9093098273142664, 0.7377803875540486, -0.023735795104308864), 0.03873834971024667, (0.140603, 0.021687, 0.566959, 1.0)
(-0.9728329847231194, 0.17107590423555427, -0.1559776228331941), (0.8758059470399882, 0.7436734058533848, -0.029088306325060365), 0.03874201277465379, (0.140603, 0.021687, 0.566959, 1.0)
(0.9744394895962214, -0.16270081662117886, 0.15490682808145384), (0.9345226368998825, 0.6217107260448712, -0.2521949131097605), 0.03062335696803415, (0.123903, 0.022878, 0.559423, 1.0)
(-0.9744394461497105, 0.1627007686973281, -0.15490715171593564), (0.9009635065449223, 0.6273165632734605, -0.2575031523912682), 0.030569885966477882, (0.123903, 0.022878, 0.559423, 1.0)
(0.9580509420058992, -0.13917084407727906, 0.25053915598250664), (0.9814582034254977, 0.7394987755278752, -0.46233336798843105), 0.02837137458605365, (0.123903, 0.022878, 0.559423, 1.0)
(-0.9580509517178701, 0.13917074834885526, -0.2505391720200714), (0.9484660117414301, 0.7442746352126248, -0.47096501773132937), 0.028426219871413017, (0.123903, 0.022878, 0.559423, 1.0)
(-0.6867168449012981, 0.18190125513038066, 0.7037982014120231), (-1.5475068221086292, 1.1962895346751725, -0.034463302378486334), 0.026020950638256768, (0.115124, 0.023556, 0.555468, 1.0)
(0.6867165988327121, -0.18190179918934088, -0.7037983008926014), (-1.5238361437768566, 1.1900229485711231, -0.05867504557694075), 0.026047862042523046, (0.115124, 0.023556, 0.555468, 1.0)
(-0.38897089790383826, 0.10503898528738953, 0.9152422915019157), (-1.3102399348378388, 1.048720566930707, 0.13776393185046548), 0.018075031496583193, (0.096379, 0.025165, 0.547103, 1.0)
(0.38897071293353436, -0.10503906781857289, -0.9152423606410398), (-1.296840337139026, 1.0450890891729925, 0.10625244141468168), 0.018044431137157577, (0.096379, 0.025165, 0.547103, 1.0)
(0.17490982073443598, 0.407549682217782, 0.8962755218875681), (-1.0263504359373394, 1.2131552633380327, 0.13811527812622318), 0.017742440409291127, (0.096379, 0.025165, 0.547103, 1.0)
(-0.1749098974669152, -0.4075494558143195, -0.8962756098620364), (-1.0323706162374067, 1.1991144473552064, 0.10725559521481551), 0.01753811305107765, (0.096379, 0.025165, 0.547103, 1.0)
(0.26893193971404916, 0.12078079008998718, 0.9555561796916378), (-0.7849118899689288, 1.032449503018383, 0.0908425986487875), 0.046894169535925866, (0.16407, 0.020171, 0.577478, 1.0)
(-0.26893205641234724, -0.12078025260458201, -0.9555562147851895), (-0.7941719946793095, 1.0283106933677464, 0.05793245842999434), 0.046915770205490405, (0.16407, 0.020171, 0.577478, 1.0)
(0.14177164053693528, 0.3942879315504991, 0.907985588527205), (-0.5699380183944879, 1.1515338190171456, 0.02486114829205353), 0.026072656210688095, (0.115124, 0.023556, 0.555468, 1.0)
(-0.1417714676180596, -0.39428823200241353, -0.9079854850568), (-0.5748064790907784, 1.1379217513746398, -0.006392496358537446), 0.02612336972650243, (0.115124, 0.023556, 0.555468, 1.0)
(-0.061297102853415046, 0.035397658152828186, 0.997491689679204), (-0.3847707660893506, 1.0289156801151509, 0.040756821157786664), 0.029299512221981735, (0.123903, 0.022878, 0.559423, 1.0)
(0.06129724353960717, -0.03539719417916509, -0.9974916974986251), (-0.3826540639508493, 1.0277498928499287, 0.0064061313871879525), 0.02934997868959083, (0.123903, 0.022878, 0.559423, 1.0)
(-0.4779681003922611, 0.25098270410613377, 0.8417566021404206), (-0.17999850555949506, 1.1557648823247213, 0.07376240843636775), 0.020868010321938246, (0.10598, 0.024309, 0.551368, 1.0)
(0.47796772506887825, -0.2509836632389308, -0.8417565292765172), (-0.16354454813768984, 1.1470723408034578, 0.04478923843153989), 0.020955139203665353, (0.10598, 0.024309, 0.551368, 1.0)
(-0.5054473917401463, -0.15974114364132175, 0.8479420388276817), (0.030850971317130133, 1.0377978418215008, 0.19015301207072086), 0.01866799580383834, (0.096379, 0.025165, 0.547103, 1.0)
(0.5054473870046184, 0.15974087898157974, -0.8479420915088456), (0.048263296537343126, 1.0433309736672494, 0.16096547921201218), 0.01858876679674708, (0.096379, 0.025165, 0.547103, 1.0)
(-0.3819436406770566, 0.1240009473549118, 0.9158290344826592), (0.2703697505465307, 1.2397860507482448, 0.3095929303932024), 0.027825103629741513, (0.123903, 0.022878, 0.559423, 1.0)
(0.38194382565589985, -0.1240020987941425, -0.9158288014350625), (0.2835494035866562, 1.2355543063873016, 0.2780622336448763), 0.02776751618368173, (0.123903, 0.022878, 0.559423, 1.0)
(0.13622959109266297, 0.04062069651159503, 0.9898441582015013), (0.5885762728827892, 1.0908626488582378, 0.3864775758986914), 0.021453256815226515, (0.10598, 0.024309, 0.551368, 1.0)
(-0.13622893313880233, -0.04062056864323305, -0.9898442540010849), (0.5838534584342929, 1.0894634378058112, 0.35239711911158195), 0.02139808749386784, (0.10598, 0.024309, 0.551368, 1.0)
(0.9665079418370268, -0.2058708710502051, 0.15323048919514762), (1.00143624013733, 1.014573451408241, -0.020273477387882852), 0.01956816448053863, (0.10598, 0.024309, 0.551368, 1.0)
(-0.9665078462247484, 0.20587132940674607, -0.15323047645392637), (0.9681493317689345, 1.0216382627266312, -0.025545456332831264), 0.01944856578329869, (0.096379, 0.025165, 0.547103, 1.0)
(0.9659035513552464, -0.20337918297756813, 0.16020997912333618), (1.0536616141469057, 1.1127995228981498, -0.27892364248662205), 0.005734843620449327, (0.063536, 0.028426, 0.533124, 1.0)
(-0.9659036237082038, 0.2033790567776014, -0.16020970311318156), (1.0203956159967833, 1.1197847828481808, -0.28441786595240565), 0.005833389028751572, (0.063536, 0.028426, 0.533124, 1.0)
(0.9285623476149166, -0.25022908799086646, 0.2741484453998122), (1.0475021456837095, 0.9670064117184874, -0.46601613570187345), 0.022440041250793477, (0.10598, 0.024309, 0.551368, 1.0)
(-0.9285623506740024, 0.25022911032462886, -0.27414841465329615), (1.0155333501011046, 0.9756342934380473, -0.4754662145023637), 0.022453334141708116, (0.10598, 0.024309, 0.551368, 1.0)
(-0.443663061926669, 0.5850884282461117, 0.6788480084778531), (-1.4867332332595347, 1.4323333039688735, -0.1316286538826641), 0.02165075888111689, (0.10598, 0.024309, 0.551368, 1.0)
(0.4436625401131222, -0.5850889439458584, -0.6788479050366824), (-1.4714327162561422, 1.4121925089756249, -0.15499495555487086), 0.021566258498096454, (0.10598, 0.024309, 0.551368, 1.0)
(0.09596935805835381, 0.8065805372895156, 0.5832818522632294), (-1.0396397099048051, 1.421644544095008, -0.035361923406992644), 0.018774684666674007, (0.096379, 0.025165, 0.547103, 1.0)
(-0.09596972073784706, -0.8065802513291901, -0.5832821880250074), (-1.0429685533687858, 1.3938497021439384, -0.05541396298185556), 0.018757373163653772, (0.096379, 0.025165, 0.547103, 1.0)
(0.33502555523472893, 0.7405357578101645, 0.5825501426866078), (-0.8095178728587611, 1.4356078014706484, -0.19391397901107646), 0.03429188718480547, (0.132381, 0.022258, 0.56325, 1.0)
(-0.3350256134395242, -0.7405356197312029, -0.5825502847384024), (-0.8210631970872656, 1.4101167160213992, -0.21398283702154505), 0.03428578185893526, (0.132381, 0.022258, 0.56325, 1.0)
(0.19486862527456503, 0.7859887288330561, 0.5867264584378292), (-0.5880675711872602, 1.3142488112825272, -0.11631369108425213), 0.030166994972090442, (0.123903, 0.022878, 0.559423, 1.0)
(-0.19486888772646113, -0.7859883706682141, -0.5867268510734598), (-0.5947932051107663, 1.2871793611513715, -0.1365083587457826), 0.030134987035934063, (0.123903, 0.022878, 0.559423, 1.0)
(-0.5233276876782426, 0.5765028642959192, 0.6275130108355882), (-0.15102463580881165, 1.353009063033194, -0.05484286105804912), 0.02036995740104391, (0.10598, 0.024309, 0.551368, 1.0)
(0.5233273757211809, -0.5765034446410899, -0.6275127378290736), (-0.13298428967496329, 1.3331702658255489, -0.0764460724941798), 0.020333132166878928, (0.10598, 0.024309, 0.551368, 1.0)
(-0.5660805981741689, 0.6734950901396837, 0.47534947136660866), (0.07126688892241377, 1.500682595148836, -0.08138845827862383), 0.04239971204255886, (0.148607, 0.021154, 0.570562, 1.0)
(0.5660806298954524, -0.6734953958211978, -0.4753490004878688), (0.09077831185010618, 1.4774938403807478, -0.09774401739373098), 0.04238713738692494, (0.148607, 0.021154, 0.570562, 1.0)
(0.4791776431621201, 0.614150115429154, 0.6270633317392692), (0.8648133033001588, 1.5953636140770513, 0.10894207651590747), 0.02461044761928336, (0.115124, 0.023556, 0.555468, 1.0)
(-0.479178033522172, -0.6141499184594905, -0.6270632263544287), (0.8483393612091208, 1.574193350607403, 0.08735050383946251), 0.024436860969367553, (0.115124, 0.023556, 0.555468, 1.0)
(0.7627282598794264, 0.5544648814147357, 0.3328878142243199), (1.0223920483132707, 1.6441247184160517, -0.1888776997316741), 0.03622008765913066, (0.140603, 0.021687, 0.566959, 1.0)
(-0.7627286791157489, -0.5544643987200495, -0.33288765763596423), (0.9961110096432022, 1.6250329663757246, -0.20030918877399026), 0.036326452864285305, (0.140603, 0.021687, 0.566959, 1.0)
(0.9446861718468459, 0.02949594209166935, 0.3266466380073064), (1.151266498547079, 1.3733307156734718, -0.3434029438240036), 0.017769738476234417, (0.096379, 0.025165, 0.547103, 1.0)
(-0.9446861612767372, -0.029495349118854184, -0.32664672212128426), (1.11873880963556, 1.3722939293667304, -0.3546538331664888), 0.017622837621145096, (0.096379, 0.025165, 0.547103, 1.0)
(-0.4376735067771218, 0.7395982024130185, 0.5113085178762897), (0.09580462988228336, 1.617275064694825, -0.30643059391735006), 0.028653612655995326, (0.123903, 0.022878, 0.559423, 1.0)
(0.4376735928127931, -0.7395980749616066, -0.5113086285869103), (0.11084951533635896, 1.5918061467908926, -0.3240597674109775), 0.02868210418563374, (0.123903, 0.022878, 0.559423, 1.0)
(-0.4856755167167334, 0.7073026714460794, 0.5136557440807737), (0.2708932697255883, 1.765557483107647, -0.3689348032749287), 0.028890281244897478, (0.123903, 0.022878, 0.559423, 1.0)
(0.4856755858000606, -0.7073026697754567, -0.5136556810610382), (0.28762972235211176, 1.7412256974832359, -0.3866452215021345), 0.028769969169422958, (0.123903, 0.022878, 0.559423, 1.0)
(-0.06636872851293195, 0.9075410334332005, 0.4146859830167584), (0.7241922604643747, 1.9035779063728606, -0.3786334487476823), 0.05425987821423955, (0.171574, 0.019706, 0.580806, 1.0)
(0.06636813401820293, -0.9075410401304389, -0.4146860635057597), (0.7264951437704564, 1.8723245159294015, -0.39291426140583763), 0.05430712488263096, (0.171574, 0.019706, 0.580806, 1.0)
(0.43766240385186594, 0.8133154000066388, 0.3833662483404704), (0.9529196880466239, 1.8415261623568164, -0.34893708677462504), 0.027192204248478503, (0.115124, 0.023556, 0.555468, 1.0)
(-0.4376629152865634, -0.8133150088003981, -0.38336649441868936), (0.9378572682360241, 1.81348716812, -0.362079824541407), 0.027271273988090008, (0.115124, 0.023556, 0.555468, 1.0)
